0.000000000000000000e+00,9.788647611356061651e-01,9.791876443214425629e-01,9.653203608912649392e-01,9.778129483415445300e-01,9.672929719083859235e-01,9.811992478780776628e-01,9.815043363179373204e-01,9.702231022984810771e-01,9.710271897467166458e-01,9.791220801777361649e-01,9.675798399686273976e-01,9.768053501654012649e-01,9.804581225785160559e-01,9.753557712993370377e-01,9.793391382608098716e-01,9.765708339251039094e-01,9.768548755750696699e-01,9.885137966300404644e-01,9.815156827037517795e-01,9.768655025538426351e-01,9.759075294189002436e-01,9.654203435067626460e-01,9.910546228721801576e-01,9.782098046839765582e-01,9.504788578423095657e-01,9.880435418752772092e-01,9.792631344651945291e-01,9.754907860121162511e-01,9.798444477057451918e-01,9.479224497597367183e-01,9.614035233628090982e-01,9.760654306603906427e-01,9.882242468587900674e-01,9.833506309570860804e-01,9.790342824968113478e-01,9.775102848461927341e-01,9.911817597802207169e-01,9.683622258381666681e-01,9.758983963381069326e-01,9.798092177197301744e-01,9.698148244506468174e-01,9.895433678190453941e-01,9.828257388122533245e-01,9.738219824507814426e-01,9.780696080380890667e-01,9.819512651089687960e-01,9.709005734814664113e-01,9.880505756498122460e-01,9.751764805046391205e-01,9.683156481866086462e-01,9.695027994475384769e-01,9.684622404693028486e-01,9.740596231894751433e-01,9.708186510795823176e-01,9.792592070685730565e-01,9.738511031292029774e-01,9.841136036575528490e-01,9.770979849142314988e-01,9.782282458943869496e-01,9.816909779360744048e-01,9.707808772450241541e-01,9.787451482013942439e-01,9.729367132297234155e-01,9.595569770216304528e-01,9.660664150420501528e-01,9.743572071046002758e-01,9.793629949068769491e-01,9.787854119709986644e-01,9.799482576879604556e-01,9.744061657191551706e-01,9.753143854464472184e-01,9.720866365482100369e-01,9.595635571374672157e-01,9.809625891669483400e-01,9.585567306788730368e-01,9.843134775406578996e-01,9.824105588020839441e-01,9.782426657389174940e-01,9.840298925946272535e-01,9.735997933827167383e-01,9.843040603199038063e-01,9.729319796325336389e-01,9.733478389686290866e-01,9.817196606108423707e-01,9.564932736571590821e-01,9.789225540542665360e-01,9.675147354435646996e-01,9.681194075734798066e-01,9.788501562854423632e-01,9.807127606092911343e-01,9.909486579007897866e-01,9.784317830050729414e-01,9.832909275355494749e-01,9.844768015987547249e-01,9.811733188999886002e-01,9.815606992480411241e-01,9.855108967555361588e-01,9.648111093928286586e-01,9.750453705685192540e-01,9.777537921834642543e-01,9.693352351876771689e-01,9.755056573025610023e-01,9.815132912948201227e-01,9.800849735537093821e-01,9.842037630778767143e-01,9.870895254145899411e-01,9.741302941586620356e-01,9.854829051005932206e-01,9.647899372523534023e-01,9.563473935117581259e-01,9.814115107313868824e-01,9.770782615527152659e-01,9.646579545578616299e-01,9.759265094936252494e-01,9.743440795538663712e-01,9.540352895164622149e-01,9.902045865915696243e-01,9.807220658820993142e-01,9.613634268490340862e-01,9.856007926877815573e-01,9.803843463801924507e-01,9.737717609799360075e-01,9.830260595230460030e-01,9.729696047299783990e-01,9.810068013062971382e-01,9.836056509343633625e-01,9.752883235190447087e-01,9.918384908794427579e-01,9.711104120850149179e-01,9.847838142288570795e-01,9.731375570760696370e-01,9.805194278023633414e-01,9.833224983544228692e-01,9.865810196282348565e-01,9.637803343839512760e-01,9.822517639269165990e-01,9.707969746862594729e-01,9.808736151370310852e-01,9.810430188151435527e-01
9.788647611356061651e-01,0.000000000000000000e+00,9.639089942141271239e-01,9.641165215002737154e-01,9.679205051489230271e-01,9.655008847266393079e-01,9.797948848400345190e-01,9.631660430838328013e-01,9.586405004971516597e-01,9.589956409193396425e-01,9.869242495545800242e-01,9.491114917258024475e-01,9.673768284808000884e-01,9.777158589268691857e-01,9.741331158255756018e-01,9.645884831233960677e-01,9.651086306222845801e-01,9.893364843354033322e-01,9.830091549230914882e-01,9.675391837047833121e-01,9.869635255312477762e-01,9.803689451774866281e-01,9.469502771744443548e-01,9.791885876697573599e-01,9.687012650395464552e-01,9.236334787579331129e-01,9.834373971914548429e-01,9.626125315266735871e-01,9.882293300111959500e-01,9.771477943617800088e-01,9.545177183090822748e-01,9.647046304878185152e-01,9.617428063276669548e-01,9.838984151262856193e-01,9.812249644916546387e-01,9.655221591564624450e-01,9.530081170109618860e-01,9.810016593251786876e-01,9.876886320338124081e-01,9.661300804871943981e-01,9.725524478260176853e-01,9.522808684318829764e-01,9.805734769926295336e-01,9.800081688288406756e-01,9.794208781965156874e-01,9.807253788952869922e-01,9.796249976807800408e-01,9.681206687309300563e-01,9.797393692951235078e-01,9.545689877982951321e-01,9.671947808832632720e-01,9.507147892553429180e-01,9.504890115083478586e-01,9.720217823732545392e-01,9.512425132839721353e-01,9.725079866808296059e-01,9.538807116694222321e-01,9.821139245674799234e-01,9.622931279342752386e-01,9.679507970158534036e-01,9.654470771570413667e-01,9.786212004926574393e-01,9.674639172764739614e-01,9.693284641767360155e-01,9.459697827763549061e-01,9.717498677944075292e-01,9.654687573111255805e-01,9.676623699350895835e-01,9.821605097792994732e-01,9.605124539843666875e-01,9.693747882916464720e-01,9.696319779965164587e-01,9.705986366795967824e-01,9.598285061336528923e-01,9.684804727475742059e-01,9.591074511222491550e-01,9.794930232680736371e-01,9.685186633532525402e-01,9.642415873703571449e-01,9.636746026717216695e-01,9.721339279090773777e-01,9.625262085744487051e-01,9.682585903835608798e-01,9.864366838715624697e-01,9.673532670257758426e-01,9.522839820624546814e-01,9.736353863003367470e-01,9.584224965078216307e-01,9.610703627140410044e-01,9.615469792242955505e-01,9.833632458259436993e-01,9.791160452050116092e-01,9.641618908134261812e-01,9.804725545169731271e-01,9.809721761794146788e-01,9.674487325233537272e-01,9.633309194917309970e-01,9.870106398944872295e-01,9.548338335324102477e-01,9.672846884609908047e-01,9.783254281068807234e-01,9.756392694048499070e-01,9.536939093293415048e-01,9.661294265634744471e-01,9.695492863745441836e-01,9.822494175200273681e-01,9.795461144428503353e-01,9.866697393104384428e-01,9.802944606263450655e-01,9.667331613762439879e-01,9.559838298721866634e-01,9.655845197518347911e-01,9.665494808045446140e-01,9.415021700620946898e-01,9.636640440944905794e-01,9.676353515606516131e-01,9.216979145913171134e-01,9.826318958081853294e-01,9.695124310662438516e-01,9.361552312959324773e-01,9.798179907187869464e-01,9.711324881603029535e-01,9.596382870083950412e-01,9.718632320707781824e-01,9.629423611595739896e-01,9.829248259173258839e-01,9.768970776179575211e-01,9.670559997824169640e-01,9.827481725160048809e-01,9.666693627595271954e-01,9.792201119731210879e-01,9.523375853515266831e-01,9.617379527258248517e-01,9.631527034857219061e-01,9.815195661337421384e-01,9.582627157639672655e-01,9.663892784855268037e-01,9.665229078209506275e-01,9.645914623829691115e-01,9.865282286077512452e-01
9.791876443214425629e-01,9.639089942141271239e-01,0.000000000000000000e+00,9.406627579724150534e-01,9.552009728735140204e-01,9.405598553232793479e-01,9.644011756146564363e-01,9.608809639716828777e-01,9.518865391779830487e-01,9.509014380255436105e-01,9.687723136156186632e-01,9.648013508709988306e-01,9.629116290296951819e-01,9.664780734006442886e-01,9.547561739640926248e-01,9.887226012676051390e-01,9.857363239265195531e-01,9.582848708246484160e-01,9.746067921213529273e-01,9.669579563815118295e-01,9.564033932710213071e-01,9.545336297438740125e-01,9.563268497996902928e-01,9.792912252908824167e-01,9.638303658793723194e-01,9.800762592688510022e-01,9.722650842064199939e-01,9.901539727132268043e-01,9.554973155214245839e-01,9.657040718451528338e-01,9.213018092797142788e-01,9.397340318828441008e-01,9.870460664072849832e-01,9.742619965625801681e-01,9.743055718130633203e-01,9.868375506892581583e-01,9.672395899170729283e-01,9.795849499953438455e-01,9.547670041938378649e-01,9.666016199521904051e-01,9.607302245948579067e-01,9.862939527140556217e-01,9.719041754662709476e-01,9.741772262437365937e-01,9.519889373250740583e-01,9.624081908771117133e-01,9.631799518270919291e-01,9.481473075160359310e-01,9.751082335187584160e-01,9.856495392989437221e-01,9.532334155992652214e-01,9.572899206687973672e-01,9.853668817580688577e-01,9.560016439035959879e-01,9.886325438107516073e-01,9.621659016281687293e-01,9.872040554443106686e-01,9.634008194999702512e-01,9.675787652128418070e-01,9.824681596359526869e-01,9.629800509531759589e-01,9.545050048119073649e-01,9.545302497546580556e-01,9.527618164367112064e-01,9.478126838774013629e-01,9.453542790065456725e-01,9.486899124340615330e-01,9.624522758866446148e-01,9.615076063019362129e-01,9.910225968312443845e-01,9.484558217822457449e-01,9.537940481305546836e-01,9.552012988545796057e-01,9.367707117271890649e-01,9.885822481888785207e-01,9.331652777322230197e-01,9.745205387629034544e-01,9.898773521384696128e-01,9.877691614207838589e-01,9.908923669609368545e-01,9.461050453240592573e-01,9.735166256418119612e-01,9.471671085400575896e-01,9.477608589275995365e-01,9.733448401005950767e-01,9.327768363130956031e-01,9.630887157287616462e-01,9.459538977581904984e-01,9.445071709425850726e-01,9.829771495238459611e-01,9.589801705407395849e-01,9.749160891388977124e-01,9.891717023763275662e-01,9.688339923496797068e-01,9.769809665003985621e-01,9.864750269340631927e-01,9.669548173646090872e-01,9.720162969908752171e-01,9.463447713470685141e-01,9.607985747582860059e-01,9.566199666986164862e-01,9.472112828265675244e-01,9.872139251076772481e-01,9.825905300989409286e-01,9.890078591964518440e-01,9.690484210321499425e-01,9.741877903611037004e-01,9.531515179914946678e-01,9.769991263862323194e-01,9.437350964457345004e-01,9.304489902895313191e-01,9.639104092560373260e-01,9.606251830032992434e-01,9.681491557746360055e-01,9.497131349163174807e-01,9.492123035401262010e-01,9.750444690014314908e-01,9.723812351525636943e-01,9.745280580053401476e-01,9.841958683673550645e-01,9.765215641612771114e-01,9.566057786585709932e-01,9.807618215939912787e-01,9.905681097977242500e-01,9.480874399583337775e-01,9.616749031531930392e-01,9.584427744470390698e-01,9.539865631733065454e-01,9.747910976971539965e-01,9.474525350961255921e-01,9.716090388053565396e-01,9.842814537439441569e-01,9.902775832765317032e-01,9.709375289860734393e-01,9.705016152586999345e-01,9.417851744521117396e-01,9.684234772658871782e-01,9.453539676426151450e-01,9.850279389206514358e-01,9.713624752939855611e-01
9.653203608912649392e-01,9.641165215002737154e-01,9.406627579724150534e-01,0.000000000000000000e+00,9.856740786261514176e-01,9.861360754201797807e-01,9.712484932757556866e-01,9.730561720715810159e-01,9.821719164236849542e-01,9.864782968944243446e-01,9.606358152655766203e-01,9.663611635024697000e-01,9.835193937562097810e-01,9.804561427160841669e-01,9.832218652524474800e-01,9.451144053061981687e-01,9.472132462208103787e-01,9.645359864983447107e-01,9.753122702527122767e-01,9.709367153584342880e-01,9.731108286318445044e-01,9.765558949749638673e-01,9.711178562578355322e-01,9.639551134122075204e-01,9.700685453185747820e-01,9.023444315976748564e-01,9.755764604607314316e-01,9.421430896230231777e-01,9.680717033656842663e-01,9.762782988651970140e-01,9.519449841390735800e-01,9.874712600795700901e-01,9.436511985795571489e-01,9.733420597214204051e-01,9.725766630772465504e-01,9.480712551589350889e-01,9.657023978962080424e-01,9.701363310506568860e-01,9.564210829983370576e-01,9.678411111789676502e-01,9.831282104946236222e-01,9.256815104822081475e-01,9.699560695313453884e-01,9.696674730535072007e-01,9.766182118886745922e-01,9.722057875716804132e-01,9.706044471792627526e-01,9.755802143706400198e-01,9.774812033384746579e-01,9.453111214213963942e-01,9.869993528081228984e-01,9.742144462830343299e-01,9.300102745007882143e-01,9.850985696832236238e-01,9.207791461060065297e-01,9.722445304111630993e-01,9.447672540269992369e-01,9.772766738595499714e-01,9.774312312399410230e-01,9.588568713801799426e-01,9.724472759962771162e-01,9.743928983031924229e-01,9.821837138392248701e-01,9.818895449575155698e-01,9.617400042981928410e-01,9.837172766652900746e-01,9.811707884804723445e-01,9.670779510989310213e-01,9.768070649203797196e-01,9.370574210267534898e-01,9.873129566774609955e-01,9.842563315951535774e-01,9.865485200066892446e-01,9.875352496821933057e-01,9.520402907683613858e-01,9.861897884138502990e-01,9.766295070241451937e-01,9.505627163385351741e-01,9.417863275192661643e-01,9.412110791706528312e-01,9.803423804783453210e-01,9.687765449769449866e-01,9.824319394720117948e-01,9.695853577555666458e-01,9.695977242172976185e-01,9.857037205769804133e-01,9.726004254618630940e-01,9.847655915584033748e-01,9.864395837499531083e-01,9.570450023915634263e-01,9.765057637687152292e-01,9.720381854807285116e-01,9.411573503018497711e-01,9.743090247843030349e-01,9.578093907441292965e-01,9.509504900689543794e-01,9.756566576988459083e-01,9.585164973875748284e-01,9.823732326356126032e-01,9.738569456811078107e-01,9.776034041185415191e-01,9.736499754502350168e-01,9.384542989973947424e-01,9.620222386326604536e-01,9.449627094288044482e-01,9.734335651231538211e-01,9.651134971391264195e-01,9.657261064085751467e-01,9.692160612287694654e-01,9.851897499166836214e-01,9.895002006630964075e-01,9.773954799334307886e-01,9.719678663261939189e-01,9.582681577400928852e-01,9.809294255958291853e-01,9.855788622183937475e-01,9.227712666580160095e-01,9.727637596952167787e-01,9.658498054779580677e-01,9.238579047177710724e-01,9.678664025491190426e-01,9.823413268575860169e-01,9.573258423354625846e-01,9.538391398440448921e-01,9.792881796310523024e-01,9.745212973538424084e-01,9.837308997282635525e-01,9.858578030367622924e-01,9.712599328034688950e-01,9.843869534811753308e-01,9.691988257190394807e-01,9.298715064036058298e-01,9.462928484815720243e-01,9.679960777741070110e-01,9.735341617413332260e-01,9.880708880876614142e-01,9.751276881719048717e-01,9.836500731258072117e-01,9.600367415531116944e-01,9.664278619631568867e-01
9.778129483415445300e-01,9.679205051489230271e-01,9.552009728735140204e-01,9.856740786261514176e-01,0.000000000000000000e+00,9.855267450979776633e-01,9.757278721180465686e-01,9.862954678118561747e-01,9.846209457217141026e-01,9.857357721254460525e-01,9.684018919357747501e-01,9.722229891110967248e-01,9.858545275978063405e-01,9.795435767496674107e-01,9.793469236524544597e-01,9.557674810031968615e-01,9.546295716276951282e-01,9.690948038642153151e-01,9.829756442720686271e-01,9.836606481626224419e-01,9.742603223130255063e-01,9.752444836553857410e-01,9.761796596982496022e-01,9.762630896262671776e-01,9.736265711055194227e-01,9.218091924186240238e-01,9.811766990153416579e-01,9.576111352070902916e-01,9.676225628064211159e-01,9.770952888869659514e-01,9.490086606147386528e-01,9.774014906337944453e-01,9.525966600954267616e-01,9.811703954174508802e-01,9.752084595100818376e-01,9.578016890756393398e-01,9.829548132653734838e-01,9.798933683974858644e-01,9.583621241092667997e-01,9.718675356750229311e-01,9.887057510362758928e-01,9.397166369288824095e-01,9.828496022748638428e-01,9.747695717484659017e-01,9.739456564466056898e-01,9.734829335074812739e-01,9.753449015825018664e-01,9.716330646298663165e-01,9.829537749723900042e-01,9.564800710876980583e-01,9.833961443635760302e-01,9.826244584943204519e-01,9.419450260175207257e-01,9.834731274117011202e-01,9.410756710297963901e-01,9.751268960631986893e-01,9.575310792662986570e-01,9.835221750100566762e-01,9.849372021944962086e-01,9.640003501130792740e-01,9.850295507338460155e-01,9.704825083494901250e-01,9.862979932922919524e-01,9.801473020009608961e-01,9.689958190777596680e-01,9.781543290089930176e-01,9.829744368579133029e-01,9.710519735453592149e-01,9.766156675368640183e-01,9.534454487107932863e-01,9.855913215125307048e-01,9.852984891044395122e-01,9.840948823333749429e-01,9.808359588422809194e-01,9.612462702365872635e-01,9.775881840675686441e-01,9.828192462359486292e-01,9.638614609867671712e-01,9.549347043098200816e-01,9.571018962585856604e-01,9.803015491678025439e-01,9.818893291003992774e-01,9.845988067360971208e-01,9.696337877668538274e-01,9.816607914784774014e-01,9.791401531292217575e-01,9.735796195524769603e-01,9.871905348094428545e-01,9.869100087949161937e-01,9.667930674179600059e-01,9.749694609890628971e-01,9.816752102640425859e-01,9.547782440480295785e-01,9.765021679460866855e-01,9.656931988980168580e-01,9.647689437495688969e-01,9.849814940533128116e-01,9.692132437467750883e-01,9.812442197768650454e-01,9.732796965785459609e-01,9.755665023359199051e-01,9.707672090737214932e-01,9.527262896281226690e-01,9.715243875517746153e-01,9.603811950622584970e-01,9.742128352024862492e-01,9.792540691629453287e-01,9.671471465817916835e-01,9.743254366420540658e-01,9.802141621482179934e-01,9.821470497744780870e-01,9.866714961593916478e-01,9.737357428052005881e-01,9.664243984009086574e-01,9.850220529189405161e-01,9.896328962934133333e-01,9.414535996206908619e-01,9.795684233569754706e-01,9.743161750572100210e-01,9.386877495621169798e-01,9.743228082121712097e-01,9.854968672949487862e-01,9.650950767772068506e-01,9.652281879308106660e-01,9.831011998034309141e-01,9.754499606346934693e-01,9.854238236397439010e-01,9.889979668941396573e-01,9.811877465052815106e-01,9.845150823339774426e-01,9.732641873433955926e-01,9.462379037421302375e-01,9.613489433074056123e-01,9.833890923166412890e-01,9.815268843866885584e-01,9.852641284081843365e-01,9.864741861530925693e-01,9.844977286094981350e-01,9.699748355124525601e-01,9.700390751709919712e-01
9.672929719083859235e-01,9.655008847266393079e-01,9.405598553232793479e-01,9.861360754201797807e-01,9.855267450979776633e-01,0.000000000000000000e+00,9.748493085434323246e-01,9.762970299916094996e-01,9.851446195331898803e-01,9.858212273554619598e-01,9.650452331316915489e-01,9.696772996766370722e-01,9.846845878027516985e-01,9.805730081157784106e-01,9.821683174588514698e-01,9.482752328133597919e-01,9.494217881279197746e-01,9.674052940359852970e-01,9.765099378890301773e-01,9.778634628788364092e-01,9.735464668106650343e-01,9.781302076090923059e-01,9.754780243642270365e-01,9.692097458562415335e-01,9.731670768815429140e-01,9.043419089783090170e-01,9.784358876270727867e-01,9.436360284490165062e-01,9.682403853543753991e-01,9.777029919536159852e-01,9.540547418425686654e-01,9.823537613938126967e-01,9.453892380435580112e-01,9.758591411169570407e-01,9.732056270180101665e-01,9.505055582864982977e-01,9.702343763128271625e-01,9.734789687883920184e-01,9.570467602073148283e-01,9.721258248243139777e-01,9.848387645070458829e-01,9.285596011358757673e-01,9.728520864201848362e-01,9.726682841920851752e-01,9.778019243896506341e-01,9.735460804427028547e-01,9.744034539814591112e-01,9.796615137204531809e-01,9.788822913923148628e-01,9.509040544366021974e-01,9.848130460196766744e-01,9.792520875151484727e-01,9.310243262359807481e-01,9.848792185011688849e-01,9.224594236230636568e-01,9.771796156776879627e-01,9.455666709108520029e-01,9.807519753114742889e-01,9.803977548697906386e-01,9.590758245894357437e-01,9.805291250245284917e-01,9.726566124633928556e-01,9.866227168738497255e-01,9.812205803806359761e-01,9.645326298187667513e-01,9.810823233683301225e-01,9.847292055075016481e-01,9.726061345558069116e-01,9.775132117774035789e-01,9.388399731234843282e-01,9.888077945652431477e-01,9.877389254618434977e-01,9.860921562760198711e-01,9.865675185182549711e-01,9.534895777628321634e-01,9.836930891403057320e-01,9.802576449896278632e-01,9.505353628784187769e-01,9.456111431544464985e-01,9.424775235611214663e-01,9.817991850464398151e-01,9.733301223448126427e-01,9.872595103541924599e-01,9.687860327820781992e-01,9.740143986165618051e-01,9.840138967319840280e-01,9.767008168277556690e-01,9.854360012552053627e-01,9.878483801600922432e-01,9.608243573910540958e-01,9.741183887870525915e-01,9.722414217878132536e-01,9.443729809853695922e-01,9.766360909559104186e-01,9.621707410847105679e-01,9.527230456278988902e-01,9.786235681518277163e-01,9.616961474922316455e-01,9.834167623164574712e-01,9.768525455304033489e-01,9.757125653769578300e-01,9.743570919160352561e-01,9.429014370205647255e-01,9.651831077988269891e-01,9.479610824441283556e-01,9.743168956413135184e-01,9.704085476347661388e-01,9.679097996923028413e-01,9.717085848977189411e-01,9.824776637024690285e-01,9.864860102872131664e-01,9.817406789455392913e-01,9.758521708025718056e-01,9.617589892408777708e-01,9.854138861314046816e-01,9.873245365677082441e-01,9.254947305865158791e-01,9.760527742576801113e-01,9.719755288434906992e-01,9.259745036840054677e-01,9.731723331345706329e-01,9.864259488519233621e-01,9.607944791126028505e-01,9.545102954548412288e-01,9.868691803812503771e-01,9.759050749188216134e-01,9.823139317757254574e-01,9.893641032803648372e-01,9.756327928339642019e-01,9.867807625789515313e-01,9.715032780002614832e-01,9.326125609432949215e-01,9.503220572796901022e-01,9.727859019586637679e-01,9.739436685730745724e-01,9.862907519178381044e-01,9.809139845368559651e-01,9.887350574331836839e-01,9.613160259547866016e-01,9.689750665137947250e-01
9.811992478780776628e-01,9.797948848400345190e-01,9.644011756146564363e-01,9.712484932757556866e-01,9.757278721180465686e-01,9.748493085434323246e-01,0.000000000000000000e+00,9.660223127916125474e-01,9.766557105993258769e-01,9.757465365390438627e-01,9.835627891634384223e-01,9.691227512548707956e-01,9.832043491434208082e-01,9.866240057726567425e-01,9.808415671192121099e-01,9.700657225981521581e-01,9.700898462718460236e-01,9.788649573035672624e-01,9.833353415054155722e-01,9.708253980382777204e-01,9.794804974513495743e-01,9.822007135301212832e-01,9.726429025531169170e-01,9.811931752752240943e-01,9.852515221369155807e-01,9.332468263547371023e-01,9.881763203960323150e-01,9.665097659014070253e-01,9.796811851697997398e-01,9.836760434068603232e-01,9.529711537999555615e-01,9.709414486305762981e-01,9.713757628429408042e-01,9.860587840603148857e-01,9.871407644435922224e-01,9.734997771271656219e-01,9.658727479611091127e-01,9.847517831732588434e-01,9.771160813124103450e-01,9.789070260137948676e-01,9.758511379237438943e-01,9.608612229715816078e-01,9.803745435944947184e-01,9.854902147451883865e-01,9.783505254530682205e-01,9.833692021748510204e-01,9.820560694921869338e-01,9.808192213770046131e-01,9.868923598453752666e-01,9.665290152766226051e-01,9.778230465515258540e-01,9.704736022668836171e-01,9.612622436026091455e-01,9.794091183496101971e-01,9.525785921665665956e-01,9.877020835379649588e-01,9.636921456013703979e-01,9.849541701780563097e-01,9.757547614940800251e-01,9.756448445866146013e-01,9.731833648238922274e-01,9.833779415001808744e-01,9.814631310382080365e-01,9.833967709424191739e-01,9.570141895151612621e-01,9.766992640540417270e-01,9.777445760967106159e-01,9.847023918672960230e-01,9.840648338279233132e-01,9.612583693574655586e-01,9.790077677888282537e-01,9.802362257314071181e-01,9.780213323453402774e-01,9.701326392407660926e-01,9.741758358265173445e-01,9.689521956138194003e-01,9.836034317378695713e-01,9.690524554410977487e-01,9.712565195640718851e-01,9.635745354666499507e-01,9.820277584176575481e-01,9.718217912117653734e-01,9.776200008792002016e-01,9.729848053932369512e-01,9.746014528403531552e-01,9.682550745120424018e-01,9.865643900151239709e-01,9.696643694645241673e-01,9.770729296909135275e-01,9.728116099691247465e-01,9.858425797297516446e-01,9.826517978452369295e-01,9.686075302297404432e-01,9.868833539600738725e-01,9.870368682208930933e-01,9.677161907676082864e-01,9.731889055669571409e-01,9.786804143386211852e-01,9.726517856130723061e-01,9.848736599785493651e-01,9.822647489820636180e-01,9.772754341705938153e-01,9.621697387408818525e-01,9.745404324660189577e-01,9.651772379019238901e-01,9.832222150707030650e-01,9.775763826781878052e-01,9.808786016074020342e-01,9.858130572166828864e-01,9.718670457751166225e-01,9.710031963622127726e-01,9.742512225053600039e-01,9.821270042579276494e-01,9.649897620575383916e-01,9.809767933489186298e-01,9.755474422815386681e-01,9.351847745946023638e-01,9.821630977720826605e-01,9.805265116452045460e-01,9.503135757454522770e-01,9.863008271493477475e-01,9.843324429822686295e-01,9.687386494513139379e-01,9.713332005402004476e-01,9.810544921352583048e-01,9.833466205106635716e-01,9.844866900205025972e-01,9.785791446363386603e-01,9.831693177552265350e-01,9.796070287516889241e-01,9.835202039314068223e-01,9.581609370908202861e-01,9.698927922197368989e-01,9.685015882949405963e-01,9.838397305952977234e-01,9.724133750978910529e-01,9.717673832716983151e-01,9.786451032136358474e-01,9.702851903229799957e-01,9.849153998927536735e-01
9.815043363179373204e-01,9.631660430838328013e-01,9.608809639716828777e-01,9.730561720715810159e-01,9.862954678118561747e-01,9.762970299916094996e-01,9.660223127916125474e-01,0.000000000000000000e+00,9.761905934413976915e-01,9.782539624371603404e-01,9.626678546551773463e-01,9.674564293133570692e-01,9.760386634536256656e-01,9.711170653138905262e-01,9.688547188276301902e-01,9.583841547568474617e-01,9.556796762904801179e-01,9.647388873207013438e-01,9.804158039786339263e-01,9.900702643185204099e-01,9.671272248285404105e-01,9.654819056064730676e-01,9.684460023018889308e-01,9.790212289789613775e-01,9.644740249720736847e-01,9.314417521720016468e-01,9.782781288676146714e-01,9.627879702153593344e-01,9.600998900189637864e-01,9.690964406974148515e-01,9.352509123923133938e-01,9.625292705991101982e-01,9.523352796433367518e-01,9.796349776199950732e-01,9.692769565555223732e-01,9.585053963047883707e-01,9.850207576020383327e-01,9.799595539947891787e-01,9.484740347310501862e-01,9.644035626574644082e-01,9.863838481138713643e-01,9.432467627035512336e-01,9.820529918377645107e-01,9.697387788348161841e-01,9.659475693355346060e-01,9.652289260130269000e-01,9.695095205789220350e-01,9.627461938044870049e-01,9.809112575978125026e-01,9.611129981498655050e-01,9.722926954059034621e-01,9.771677870609664085e-01,9.429621390456693897e-01,9.732873670759008000e-01,9.494514551415853543e-01,9.684574246137334086e-01,9.595102089287647074e-01,9.780425091668734083e-01,9.806238486400593590e-01,9.603894910320841527e-01,9.885546107905586188e-01,9.574195319452213360e-01,9.816370527010216396e-01,9.656809539106843143e-01,9.705937360321627017e-01,9.649983973269570248e-01,9.780612111191320235e-01,9.644657082937131420e-01,9.669634629863000930e-01,9.621866064534894125e-01,9.797359823054998529e-01,9.791067016772162512e-01,9.760735755177086803e-01,9.678697822979093202e-01,9.629485480784325535e-01,9.620144936389243284e-01,9.804973854978173975e-01,9.664944568101381250e-01,9.587387402495710642e-01,9.664670890167692541e-01,9.691459396082676703e-01,9.878123742248879902e-01,9.765243000604340029e-01,9.627406853067539405e-01,9.851879722626493141e-01,9.666484281346995333e-01,9.653920845095381731e-01,9.804916677527427682e-01,9.745706925484132199e-01,9.673964086876614132e-01,9.687676372473373876e-01,9.814822184573952502e-01,9.560788170479651571e-01,9.700441269521516974e-01,9.664025457206685266e-01,9.710247697619406315e-01,9.874086946199780446e-01,9.702714658734099551e-01,9.692085415160830442e-01,9.637892149674712750e-01,9.661199596610707818e-01,9.608792756248822897e-01,9.582590011256947315e-01,9.727841489902738781e-01,9.645607583439174126e-01,9.702369143158425802e-01,9.822727122134762290e-01,9.591347268956378347e-01,9.694021077974538381e-01,9.681872254119598953e-01,9.678606303771104535e-01,9.879745583106855911e-01,9.671994396031479146e-01,9.630886567216365712e-01,9.772315149718524552e-01,9.830021273152874661e-01,9.519459937940276673e-01,9.806476417950977797e-01,9.717098151676398787e-01,9.446386291495165732e-01,9.723546304960692943e-01,9.800880035152358394e-01,9.652111078163762015e-01,9.686489531441394574e-01,9.748818838898433148e-01,9.691865103925304537e-01,9.770188741736300919e-01,9.826788428826971344e-01,9.815591960529841398e-01,9.744023096052624178e-01,9.682485975965514635e-01,9.499377098301944322e-01,9.639194629878105047e-01,9.897835720119644298e-01,9.781636621180959112e-01,9.720899319871354471e-01,9.896646759963076967e-01,9.768614885596705877e-01,9.716994620113809100e-01,9.634660054743268143e-01
9.702231022984810771e-01,9.586405004971516597e-01,9.518865391779830487e-01,9.821719164236849542e-01,9.846209457217141026e-01,9.851446195331898803e-01,9.766557105993258769e-01,9.761905934413976915e-01,0.000000000000000000e+00,9.886527568811724898e-01,9.607145927815846642e-01,9.827348851791187778e-01,9.863476462951439316e-01,9.822068479752852355e-01,9.803975916142548819e-01,9.581579393602065453e-01,9.574406206581951295e-01,9.605705613004767995e-01,9.754775469438480284e-01,9.792221975431484315e-01,9.650146511964704521e-01,9.750769611041528728e-01,9.861887723791569194e-01,9.704629496715942993e-01,9.814857621450508995e-01,9.246212597630391050e-01,9.769352546582189545e-01,9.537433297038540037e-01,9.612495590847293103e-01,9.786419849918451819e-01,9.484639774901761911e-01,9.775193386512905924e-01,9.568573012070773487e-01,9.748355820950340700e-01,9.762056361761199952e-01,9.584203014315076929e-01,9.764301183957221353e-01,9.768975424672661223e-01,9.496193232569819509e-01,9.791999363212801066e-01,9.841862115795759758e-01,9.438496546484039795e-01,9.723735359873640904e-01,9.779514954225859702e-01,9.755808330315484111e-01,9.751917425899444547e-01,9.754569532801723453e-01,9.779431151687982826e-01,9.811322432299610652e-01,9.617073824303438156e-01,9.845208771989799601e-01,9.837138067454892498e-01,9.462110699744438191e-01,9.837870553976687527e-01,9.372097664726367627e-01,9.842888862778986780e-01,9.600046349227404630e-01,9.749608382302339393e-01,9.866446472035114157e-01,9.657582902058583496e-01,9.783002538902783041e-01,9.702611250864174863e-01,9.888497926584626230e-01,9.803355866903985527e-01,9.682815270195692658e-01,9.763245695375792899e-01,9.852040929835944594e-01,9.787496988380605112e-01,9.779218734146752912e-01,9.480876540487406245e-01,9.849522940939140492e-01,9.878275772688260847e-01,9.860357142057143420e-01,9.817821283458523229e-01,9.620906493307158636e-01,9.787288379908446467e-01,9.775098997941408241e-01,9.568024270960890920e-01,9.570247523798681710e-01,9.513855469431982126e-01,9.812073563519724262e-01,9.788166164869683827e-01,9.847812290172646144e-01,9.586037729126248852e-01,9.781630837772912201e-01,9.851775380673041260e-01,9.806806759359714132e-01,9.878732603380632193e-01,9.863073257394393556e-01,9.707320717031771018e-01,9.709619552637952511e-01,9.726474942398488643e-01,9.558817020296731526e-01,9.792129062666710126e-01,9.675850423171911130e-01,9.558811314682421623e-01,9.789892724297493132e-01,9.565173268808377927e-01,9.878335906329811511e-01,9.815840066207629500e-01,9.759460538411907082e-01,9.748137009753170545e-01,9.570311107022478891e-01,9.720089468155769241e-01,9.506047786467611838e-01,9.769912043293572657e-01,9.690998447793566228e-01,9.584857603625179800e-01,9.756109525966520923e-01,9.784326941025841551e-01,9.823610148464670955e-01,9.811543822198033338e-01,9.803562803517928970e-01,9.780284754405349501e-01,9.873496938930761413e-01,9.854802957886228398e-01,9.460811954239600752e-01,9.726940113040508651e-01,9.777841446796636804e-01,9.410097807770266831e-01,9.764920272961628012e-01,9.867135506080558782e-01,9.698467143475457686e-01,9.613382665618759315e-01,9.868540402781724730e-01,9.737086321864486527e-01,9.815925422208110485e-01,9.864582293852013350e-01,9.741608302920246043e-01,9.872661361033574501e-01,9.750907945261535481e-01,9.412094479103383371e-01,9.615085148703707008e-01,9.763195748168392862e-01,9.753237959509829524e-01,9.866807500374061846e-01,9.796615974211833056e-01,9.874081237343660389e-01,9.717606522102277822e-01,9.655411887237950186e-01
9.710271897467166458e-01,9.589956409193396425e-01,9.509014380255436105e-01,9.864782968944243446e-01,9.857357721254460525e-01,9.858212273554619598e-01,9.757465365390438627e-01,9.782539624371603404e-01,9.886527568811724898e-01,0.000000000000000000e+00,9.625095052725580747e-01,9.802815691299007206e-01,9.874403774538159650e-01,9.827150612166795085e-01,9.831020583097699328e-01,9.573439354805240997e-01,9.570482513440006223e-01,9.616957673319885824e-01,9.759849054038189919e-01,9.780172955153318970e-01,9.666150040189462889e-01,9.766266152882389084e-01,9.838605817975172307e-01,9.705766149164897216e-01,9.790663067355837024e-01,9.230718165666805808e-01,9.780920076143928554e-01,9.540868201211661903e-01,9.641193792506015381e-01,9.792822799812092027e-01,9.505109906279883836e-01,9.803423778212360107e-01,9.551796762384262562e-01,9.762123611248642030e-01,9.768397342655983362e-01,9.577836416892784310e-01,9.753082111653281761e-01,9.773413688996606119e-01,9.537500381842758390e-01,9.763486752330261531e-01,9.858430590540296912e-01,9.408631472830379927e-01,9.728220612385004573e-01,9.740718912236306926e-01,9.743701464037146653e-01,9.747745219009785744e-01,9.734173671209888079e-01,9.797280848007337006e-01,9.812560444180921104e-01,9.606761942656013575e-01,9.856603159510078926e-01,9.846740225196791707e-01,9.435289141529848989e-01,9.855648715385201264e-01,9.353414688014001221e-01,9.795417281131099108e-01,9.580712648465642411e-01,9.761845678986951214e-01,9.858392412904352087e-01,9.667075922601939819e-01,9.785744110568312948e-01,9.730035972964382607e-01,9.879303713617546556e-01,9.823283280078523028e-01,9.674979191386681165e-01,9.791485754022680732e-01,9.834796670636224425e-01,9.779538214381263694e-01,9.771403165700178750e-01,9.484790627572365906e-01,9.878544352318897603e-01,9.869802737520194658e-01,9.870202671518170101e-01,9.832451604920674493e-01,9.621207986869741990e-01,9.822088389355310145e-01,9.798674377829676985e-01,9.592460092052279563e-01,9.552956173041656784e-01,9.527153261169671872e-01,9.809094000002808178e-01,9.779835893452617501e-01,9.831528535322500151e-01,9.629612940063562165e-01,9.768899125719027188e-01,9.884132091165124256e-01,9.783144353417796424e-01,9.888439523326384428e-01,9.870283481210532228e-01,9.703453825605301564e-01,9.740544050091777262e-01,9.760238452007165000e-01,9.518981250834454011e-01,9.775956494614940206e-01,9.672112410825867146e-01,9.601269487309300743e-01,9.822214721772376533e-01,9.593829210919366801e-01,9.876685244338327951e-01,9.805248691866353949e-01,9.770558020785543585e-01,9.727228044590892075e-01,9.540514228377554584e-01,9.740517383610053370e-01,9.526868452498380435e-01,9.749137681177977299e-01,9.696881646550922218e-01,9.621711945928256293e-01,9.750322432903830716e-01,9.816223547678175620e-01,9.856999398680232893e-01,9.831941238812541561e-01,9.798150742830668003e-01,9.752637553757533828e-01,9.876398196785252104e-01,9.861121849172848064e-01,9.427025642999693478e-01,9.755299599887840012e-01,9.755903600934553443e-01,9.412570762271746938e-01,9.750416361438557500e-01,9.854185648922251239e-01,9.705307396176401369e-01,9.620287401560204676e-01,9.835441754643829970e-01,9.754161016145542762e-01,9.831975194993607392e-01,9.884117666338505526e-01,9.749691701817656542e-01,9.860505686341295428e-01,9.731323904455529972e-01,9.440388884850414719e-01,9.606262174984323554e-01,9.750036174123728472e-01,9.746888899768845205e-01,9.877492503856983852e-01,9.803600871231339386e-01,9.866035673629233171e-01,9.692350170860538627e-01,9.669995049851803914e-01
9.791220801777361649e-01,9.869242495545800242e-01,9.687723136156186632e-01,9.606358152655766203e-01,9.684018919357747501e-01,9.650452331316915489e-01,9.835627891634384223e-01,9.626678546551773463e-01,9.607145927815846642e-01,9.625095052725580747e-01,0.000000000000000000e+00,9.544563121730963440e-01,9.725681082153585510e-01,9.799742777528076543e-01,9.758959476257839105e-01,9.724562768383603339e-01,9.716583457995051631e-01,9.860956505404741002e-01,9.844477393612436344e-01,9.679343021680850701e-01,9.830851138330958250e-01,9.805694636874098258e-01,9.567262725868187490e-01,9.804563506834407249e-01,9.770077178694278608e-01,9.340961650363860391e-01,9.841458003828436052e-01,9.720327601390571504e-01,9.849670473107813295e-01,9.795575548499759755e-01,9.527400956804450427e-01,9.625999425065980830e-01,9.696191117130159576e-01,9.852269778858175897e-01,9.854990852357174980e-01,9.726437584449463269e-01,9.574267382453391928e-01,9.836536419540791165e-01,9.852403242598910538e-01,9.696299641484439347e-01,9.686974192596525812e-01,9.640867099312642186e-01,9.826924699289883991e-01,9.851945941328248413e-01,9.779970851760676487e-01,9.823881261611666638e-01,9.826495217278600203e-01,9.705544480601738799e-01,9.816804586137695132e-01,9.621034272552615452e-01,9.688729033455257822e-01,9.577558578881605333e-01,9.597811284129273979e-01,9.725317909465909239e-01,9.580132995189843959e-01,9.792912032924711019e-01,9.629959674949534199e-01,9.839251143037111014e-01,9.693663397669843862e-01,9.719705274532014494e-01,9.684561532976504461e-01,9.789859644283663842e-01,9.708804271528762575e-01,9.754682615269849588e-01,9.497791391294680974e-01,9.700283723029273775e-01,9.675472069688920707e-01,9.755469119067540218e-01,9.829570228655513109e-01,9.641086606355849797e-01,9.694490470291510231e-01,9.717578322791546874e-01,9.691892129792686328e-01,9.594664345971405384e-01,9.767647773527748933e-01,9.586802820428135252e-01,9.837796295083759412e-01,9.747640917513447079e-01,9.710119241050938488e-01,9.668809719360335064e-01,9.736346707777947529e-01,9.670613004633976661e-01,9.672035177951211482e-01,9.782931955859893725e-01,9.689191865631244793e-01,9.547845511564403420e-01,9.771289867428762932e-01,9.601538879010965699e-01,9.650032343226065956e-01,9.666137997017946182e-01,9.817397692067747483e-01,9.837415851494023533e-01,9.703974922883474852e-01,9.820919811913368935e-01,9.850025330242215826e-01,9.732743672946178037e-01,9.650445210788439754e-01,9.864667872184763597e-01,9.587842463984742603e-01,9.726791054541733539e-01,9.798271046527055050e-01,9.735892639104947177e-01,9.614135800228537088e-01,9.715357512887420333e-01,9.740452792846421293e-01,9.821682773777723474e-01,9.817724296175225351e-01,9.862415935514575738e-01,9.844485359867845009e-01,9.641239193591208956e-01,9.565386313277773889e-01,9.665929745072384671e-01,9.723794635935452124e-01,9.510103680275939775e-01,9.688941050568662394e-01,9.641951604181886459e-01,9.310994499833676885e-01,9.832747611421207568e-01,9.792851392374134489e-01,9.463102524863686860e-01,9.855226186122749699e-01,9.725905956992372259e-01,9.651990870113622556e-01,9.765633413148220310e-01,9.675122589983528032e-01,9.829916180099692591e-01,9.740762597860709304e-01,9.704411642234281876e-01,9.832558198276618588e-01,9.679227648058663647e-01,9.834869217207677927e-01,9.648460775091562969e-01,9.668313500083931533e-01,9.642903470562065316e-01,9.834951613454465669e-01,9.595911525003496534e-01,9.683367893721157582e-01,9.671134480162855152e-01,9.649204753728540807e-01,9.871430951794912811e-01
