0.000000000000000000e+00,1.855734197305266009e-01,2.159494429078655797e-01,1.204560516205079174e-01,1.280230235921351878e-01,2.281518826783343334e-01,1.212587383468689273e-01,1.128143202386920063e-01,1.960447339298498071e-01,3.154813157528070233e-01,2.735983651583993037e-01,2.203824132811662007e-01,8.783353058841805727e-02,1.911892159390649604e-01,9.412856760777894849e-02,1.702600403905810689e-01,2.372128256911000821e-01,2.938853913257944428e-01,8.245802790825797202e-02,9.215753287540259797e-02,1.046260187731321151e-01,2.227448618920793155e-01,1.045521562196209675e-01,1.558230822081251854e-01,1.918427041510050723e-01,1.254951049242236105e-01,2.015744318973483329e-01,3.700542758442864621e-01,6.553280493527417760e-02,3.261551914388624018e-01,2.020748138622011914e-01,7.161772124733545297e-02,1.689127694774048005e-01,2.500763128940764468e-01,1.935641564822718208e-01,1.287806753010475591e-01,2.450760806722581397e-01,1.108562258669480993e-01,8.113029565841292645e-02,2.486447374532153032e-01,8.704479638951125864e-01,7.347357395784451239e-02,1.875733460601566871e-01,6.643728489453123998e-02,1.357277911861410058e-01,1.445025087964023069e-01,2.331035565171852009e-01,1.282986148368921719e-01,1.815528753064927225e-01,1.198191552571016005e-01,1.278852279697567096e-01,2.860872865761375228e-01,1.701009764527076362e-01,2.354474914438271504e-01,7.364717978613170846e-02,2.477465995518919883e-01,1.689304503661897827e-01,1.809113024761251909e-01,1.061140961846755992e-01,2.044072177744181151e-01,1.473608550887808011e-01,1.292193663387267710e-01,8.212971430310231358e-02,1.650504561957581995e-01,2.692625756122247749e-01,1.542852933121718062e-01,1.488301625712880605e-01,7.835561328180677687e-02,1.551335916067027032e-01,1.389938869608249861e-01,1.597912245777166063e-01,1.089376572502054052e-01,1.965322395952613932e-01,1.896324649305016208e-01,1.515050376119269071e-01,2.975915234231738538e-01,1.666668481733752372e-01,2.457809459595806101e-01,1.775020299389977185e-01,2.508842526381199756e-01,1.502161264439792476e-01,1.611768681444515905e-01,1.123143226409866607e-01,2.570581499448272855e-01,1.788860719759514384e-01,1.244259877034543244e-01,1.236607127127832551e-01,2.001251115065110220e-01,2.175884484859937906e-01,7.592570823650750256e-02,1.290754208419882532e-01,3.457768780739362002e-01,8.300575109344447700e-02,9.263773556501168904e-02,9.141467930166895239e-02,1.763432911116698809e-01,7.933882444510996501e-02,1.654243173078925044e-01,1.889095984484379376e-01,2.133567583756003638e-01,9.710183967725972976e-02,1.583520258550968063e-01,1.151811890718013875e-01,2.596689637942162232e-01,2.325207918603850454e-01,2.483221252940809032e-01,2.829321447846983584e-01,1.282230226312173482e-01,1.136614654317804202e-01,1.293805442959114482e-01,1.123264942673241479e-01,9.214170976116387024e-02,1.306624727940128294e-01,1.549654950408630438e-01,1.298000169762156819e-01,nan,1.408209121352715920e-01,nan,1.488884582553254843e-01,7.753069732208206499e-02,1.398769704822045712e-01,1.455005180948842347e-01,1.498085691452475388e-01,1.397649915198998227e-01,1.141376963275320539e-01,2.254267836637556255e-01,1.449866832798689664e-01,1.078411859007724349e-01,2.915592654103199566e-01,1.491455358158112754e-01,8.429690440308583443e-02,1.169030257702157183e-01,1.797583291560098107e-01,1.568637562599795310e-01,2.758982900466525612e-01,2.926507399868353287e-01,1.400018898051418881e-01,3.159720244777812215e-01,1.615014662005147261e-01,1.731052541387533283e-01
1.855734197305266009e-01,0.000000000000000000e+00,1.692512047507779283e-01,9.090635374910112365e-02,2.424413719985329951e-01,1.027941890093417160e-01,2.123094219598560817e-01,1.519111215032599438e-01,6.329764591137454488e-02,1.455082054378342149e-01,1.115278433960118776e-01,1.021258386010317071e-01,2.226909864302381581e-01,1.617596328012517737e-01,1.270749179616369462e-01,1.334154384267852711e-01,9.869766801248551491e-02,1.239132419286903125e-01,1.854407490034480355e-01,1.378130470225158999e-01,1.554549866032033933e-01,7.209222249092332724e-02,1.915737752701379970e-01,1.314674657232588750e-01,1.266643497869164581e-01,8.209300724051613041e-02,9.910663465742478029e-02,1.942786309482817941e-01,1.480377256355270565e-01,1.468591919001029644e-01,1.291611987770718284e-01,2.290118401096727374e-01,1.103598156959527676e-01,1.125154107203200499e-01,5.589402997743443680e-02,1.417574867513449188e-01,1.102086953457943191e-01,1.669130993925397599e-01,2.254436958182456097e-01,1.403668464116924475e-01,8.361032217974608827e-01,1.557044408819304171e-01,1.047025078354844457e-01,1.441872636742616565e-01,1.460648971897957060e-01,1.273014383338965660e-01,1.428615813825366287e-01,1.091460483053412478e-01,1.461224241395380763e-01,2.198802376029583561e-01,7.833825269897806698e-02,3.734131322239002682e-01,1.576879034854092587e-01,5.760824339409002792e-02,1.272896510747066057e-01,8.124631047576647003e-02,9.633829433875236437e-02,1.344426596284771236e-01,2.452395007711365982e-01,1.120681995442046192e-01,8.981789004857439196e-02,2.271331175538874869e-01,2.164011383673685174e-01,1.844308243233936939e-01,1.375826829787813455e-01,1.201956428780771580e-01,1.035560046956852942e-01,1.555895151048281300e-01,1.086753266720370953e-01,2.339548656877049049e-01,8.706249009053448895e-02,1.509774937019841556e-01,1.237757025510767689e-01,1.137966986065089559e-01,1.379018358335882266e-01,1.383330317118912078e-01,2.805904519997501345e-01,7.854593908101017985e-02,1.093393849805333884e-01,7.954074531992957886e-02,1.962897039251893239e-01,8.312663456133299877e-02,2.700607780551983472e-01,1.597382459725529835e-01,8.381567673441672750e-02,1.681717736782174510e-01,1.186520244137199837e-01,1.010666508649061546e-01,3.117946582575676362e-01,1.244239377453343343e-01,1.180594583946585896e-01,1.931069517603214714e-01,1.694150732779951540e-01,1.333801407104066028e-01,2.447441796403924952e-01,1.421950246875815504e-01,1.482306779435717259e-01,7.168985414868282724e-02,1.525819702980286685e-01,1.094510436368819339e-01,2.050896616448031062e-01,1.177466475977854143e-01,2.008643135923434131e-01,1.030490244281337536e-01,1.326924438223390790e-01,1.303114815271547433e-01,1.277062410014045413e-01,1.652455865843052984e-01,2.170153570690724065e-01,2.662983361707101926e-01,1.234628276930123530e-01,1.654695445089149342e-01,3.046112846991446133e-01,1.196210780537569490e-01,1.112969028015560469e-01,nan,1.076923076923076844e-01,nan,1.973889299058460556e-01,2.307355345826333226e-01,1.083133168802840468e-01,2.056665326720082676e-01,1.890511096199089525e-01,1.118695457901387191e-01,1.528519241579556487e-01,1.194705983155109619e-01,1.024271824446711526e-01,1.509556488357679249e-01,1.165695872697600777e-01,7.225346450929928666e-02,1.274289841656750522e-01,2.188853673028476887e-01,9.612875018217401091e-02,1.511055520232926497e-01,9.875525902341916740e-02,1.321891791038800057e-01,1.281800375718886720e-01,1.799196992967682651e-01,1.823327562487688236e-01,9.448724621758704256e-02
2.159494429078655797e-01,1.692512047507779283e-01,0.000000000000000000e+00,1.305335176160268007e-01,2.193886320213067620e-01,1.349885250391173463e-01,2.022739160446058171e-01,1.723354948646947660e-01,6.538386266561820037e-02,1.484675762288137357e-01,1.527680039974183279e-01,1.335387562199412681e-01,2.421804507665722139e-01,1.658478258432454777e-01,1.615987751500232994e-01,1.706476105976428292e-01,1.365376527659220296e-01,1.383362347714536811e-01,2.186760793910343392e-01,1.600721969625386321e-01,1.814565272748529523e-01,9.933488468184810405e-02,2.065865795007391092e-01,1.680496089865039233e-01,1.462484325027265941e-01,9.265631331047415042e-02,1.283829834257683156e-01,2.016165200999995299e-01,1.484190819070376199e-01,1.696688196565359075e-01,1.394852362977116178e-01,2.346005384343124445e-01,1.523216256167891358e-01,1.394861331543890415e-01,1.060087155250695606e-01,1.506662844348922170e-01,1.406403876983294554e-01,2.014153038982836319e-01,2.158023584127558847e-01,1.317583675927245790e-01,8.350787552269928193e-01,1.653330301103614064e-01,1.488536089672855556e-01,1.525371915253450061e-01,1.817109142653062226e-01,1.398497444759234098e-01,1.281809984897574195e-01,1.599542603094475657e-01,1.823876566896699969e-01,2.435105532804935358e-01,1.002376349889414209e-01,3.792038154845508435e-01,1.925555130260424852e-01,1.155898354107843806e-01,1.366418162628943167e-01,1.016279550226376338e-01,8.393361338750773837e-02,1.762936436884511848e-01,2.155803223238838273e-01,9.801189296015552777e-02,1.436457544246264040e-01,2.451961954058516358e-01,2.239391546805508670e-01,1.809624233067426147e-01,1.709057771983799046e-01,1.142706232993755816e-01,1.464439472584212198e-01,1.589554182154794271e-01,1.152398691229862687e-01,2.327017006644747088e-01,1.314943714235838057e-01,1.663217505361120896e-01,1.607559220567486014e-01,1.588082055979871954e-01,1.763878136395884977e-01,1.362463024681175583e-01,2.629599153111051857e-01,1.057449756006937774e-01,1.370634029625097949e-01,1.236093996985921234e-01,2.143165872040973530e-01,1.356015906393787107e-01,2.644038545618775382e-01,1.454021201051244050e-01,1.319807880487441631e-01,1.667096410491301084e-01,1.618640525429890786e-01,1.445640075400022040e-01,2.644314649353061708e-01,1.499979980877734209e-01,1.444500426807686644e-01,1.733204997413529402e-01,1.749516898541486898e-01,1.229775001081032382e-01,2.638274960242023015e-01,1.840914921933430592e-01,1.766864669131954779e-01,1.004480760021973229e-01,1.796985600645736869e-01,1.267859379279087373e-01,2.022520071171983180e-01,1.314630455010626364e-01,2.065372523834766716e-01,1.514548776991782586e-01,1.523296332656954022e-01,1.658664035887079391e-01,1.525511568650374516e-01,1.853177515162483247e-01,2.488959213841060725e-01,2.770588225873354404e-01,1.368732693468801553e-01,1.966523543288549170e-01,3.085922393069860381e-01,1.709735539387222669e-01,1.621629620613610212e-01,nan,1.359634723087493335e-01,nan,1.782873560825300463e-01,2.418833990227465536e-01,1.363455332533635989e-01,2.223997001936249551e-01,1.995796304630182705e-01,1.547316716928009428e-01,1.551563333295964131e-01,1.440139140907394644e-01,1.258671723230029293e-01,1.690621601753995451e-01,1.453926390488194387e-01,8.484405103755106314e-02,1.241200314540449046e-01,2.473232191389214962e-01,1.266877321217226848e-01,1.873426617104658187e-01,1.218880114285165323e-01,1.303243578265959601e-01,1.708184617947063055e-01,1.974399226140809704e-01,1.738919255673018749e-01,1.503962024525827279e-01
1.204560516205079174e-01,9.090635374910112365e-02,1.305335176160268007e-01,0.000000000000000000e+00,1.970583741589966853e-01,1.369221480358038256e-01,1.569495341950631340e-01,1.243792230338419263e-01,1.111541104062600677e-01,2.159512366212206214e-01,1.626094045031814539e-01,1.234009445822649570e-01,1.519982447233597378e-01,1.515805016952193052e-01,8.519075020459541958e-02,1.016663276761962942e-01,1.423067474051213643e-01,1.925122076607575505e-01,1.150925283831115420e-01,8.307365595616933440e-02,9.821009828588267432e-02,1.228752584468684461e-01,1.498621883623236783e-01,1.172412047988238282e-01,1.408221292979053574e-01,6.070669103127307453e-02,1.387538496772116603e-01,2.650073109834513718e-01,1.019783056775831892e-01,2.176457832521624669e-01,1.477928837625699932e-01,1.604308755723466706e-01,9.097105555226350782e-02,1.523592935972440665e-01,8.594289265106029585e-02,1.274975296403124125e-01,1.466194108612546843e-01,1.059500995350759200e-01,1.563363404724192329e-01,1.821758703913978483e-01,8.500496634385165118e-01,1.033621555309631734e-01,1.198825758364389787e-01,8.057321953930392244e-02,1.270301391889532838e-01,1.123127851723966647e-01,1.684351932966369203e-01,7.788655723947515708e-02,1.322017991585562324e-01,1.698427457907793481e-01,7.020811879507306286e-02,3.241953674149547493e-01,1.447408164278518872e-01,1.233036996939476521e-01,6.537553471075571720e-02,1.507724338287932675e-01,1.115185545232806330e-01,1.272166853778729512e-01,1.840747722224268523e-01,1.497297098188189457e-01,6.810832106828443311e-02,1.697844501067419798e-01,1.462953252947215010e-01,1.546307112553911567e-01,1.637604559875593113e-01,1.145962463344987192e-01,7.944747222546978682e-02,1.116659593243466003e-01,1.185372908201914460e-01,1.940950315741596377e-01,7.513871650200269758e-02,1.126415472058910766e-01,1.295929071449047898e-01,9.266207881768667720e-02,1.162991209203030757e-01,2.044410420833980557e-01,2.208244355007903670e-01,1.461514438591742793e-01,1.220409895532212213e-01,1.399380207974657286e-01,1.686278252987253312e-01,7.824465929856197488e-02,2.039932543565613765e-01,1.976159627676356556e-01,7.892588600631324225e-02,1.219245903687202065e-01,7.225416918240304409e-02,1.139257178456862113e-01,2.736945210064653522e-01,6.533805891387453602e-02,1.048385738056992061e-01,2.626834912708619352e-01,1.260126552883314155e-01,8.357660036867216313e-02,1.734952586710826195e-01,1.379407209766769227e-01,7.999948751047000761e-02,7.821455053867454321e-02,1.377231051100010761e-01,1.309247393109898572e-01,1.393008681892943801e-01,1.060907779110606547e-01,1.607959603012797667e-01,1.524488511426114190e-01,1.535391726176844052e-01,1.642439257979221856e-01,1.770826213198847809e-01,1.276601810048959007e-01,1.548482630608757626e-01,1.977907857585565754e-01,8.438806347823439580e-02,9.478673228668023365e-02,2.338291776304726177e-01,8.811245301512002359e-02,6.986212430113244998e-02,nan,9.630139509259243169e-02,nan,1.602691851256319855e-01,1.594301116426410370e-01,9.431786842792234948e-02,1.663927943972081935e-01,1.605209456072440311e-01,8.097635661583944822e-02,1.166119317171762787e-01,1.403931115001048890e-01,7.818738859358458082e-02,1.229330416413758620e-01,1.847524755646593464e-01,9.111833223094702172e-02,8.710701261845313348e-02,1.533790837007509567e-01,1.086058843407222418e-01,1.357741714886059048e-01,1.695565203882748728e-01,2.026593722323563329e-01,1.019738213941957239e-01,2.226970081822156333e-01,1.679471110805041134e-01,8.025637288738203534e-02
1.280230235921351878e-01,2.424413719985329951e-01,2.193886320213067620e-01,1.970583741589966853e-01,0.000000000000000000e+00,2.712019000549324987e-01,1.124184861379589895e-01,1.409052166629564673e-01,2.307851820058519632e-01,3.504809554086062984e-01,3.183629803188005036e-01,2.665837287777285125e-01,1.129546142475292558e-01,2.139102470679993817e-01,1.435769527052240535e-01,1.964110998826078536e-01,2.837790977942130644e-01,3.321394035582788673e-01,1.266243756035765611e-01,1.245739690552415818e-01,1.257286720275206937e-01,2.627961749062704966e-01,1.094825617429769082e-01,1.949013057272306337e-01,2.380458774221136109e-01,1.640800572707049876e-01,2.351277620382989930e-01,4.054295062643837322e-01,9.141218091521020883e-02,3.667201470844950739e-01,2.434496310876149150e-01,7.948514020592470364e-02,2.221721548423053749e-01,2.925861022448643101e-01,2.396431791647381515e-01,1.582059663390470716e-01,2.885902213794616644e-01,1.583387651885080627e-01,9.162063603153729197e-02,2.791709841240352930e-01,8.769314689391306539e-01,9.782483428170588025e-02,2.339468580387986663e-01,1.071315800852975092e-01,1.713913610280539956e-01,1.735967315980224135e-01,2.635440893141128282e-01,1.853530492326270207e-01,2.212666499039882828e-01,1.276201427603646799e-01,1.696394796309434461e-01,2.969924231626048794e-01,1.932476941974974327e-01,2.807534877314811217e-01,1.168538267753358034e-01,2.875913152243022575e-01,2.024639215378529755e-01,2.321792816498318979e-01,6.679826970722432811e-02,2.411600841123441030e-01,1.998676495788777319e-01,1.408123279356441326e-01,9.501382920966107426e-02,1.790439828123823740e-01,3.138694721197688442e-01,1.867492628959181999e-01,2.014774432537960180e-01,9.722528559279822180e-02,1.896397038451128614e-01,1.320955216422727285e-01,2.150393255637784995e-01,1.310157062025646968e-01,2.353772163170260168e-01,2.386210828583462951e-01,1.903749981982789941e-01,3.299856663084578257e-01,1.305759261246342562e-01,2.840481547974625376e-01,2.026436131793088735e-01,2.928918022495087259e-01,1.487277287264795189e-01,2.113258904905966351e-01,8.746690839089497904e-02,2.879720949450915723e-01,2.310459751154302077e-01,1.336475321226835988e-01,1.572308909470326310e-01,2.475035513922899388e-01,1.647639745484887064e-01,1.213550223173174986e-01,1.776797356835249087e-01,3.738198567271457939e-01,1.241890253570210045e-01,1.138374415241438509e-01,1.003952255194161258e-01,2.131623326601569945e-01,1.280174502684964799e-01,2.074849736468274697e-01,2.250236465872200997e-01,2.508000121716263409e-01,9.103953696570966925e-02,1.956606870883067506e-01,1.201914148394546550e-01,3.089033204516954401e-01,2.748626768289069711e-01,2.973268225809292953e-01,3.257176535026257147e-01,1.541120077898408547e-01,1.461107650027305971e-01,1.243854369693931650e-01,1.610513082096018400e-01,1.419859930205332188e-01,1.144857407795926568e-01,2.090959844843794657e-01,1.692187897880054748e-01,nan,1.704923262700531461e-01,nan,1.591949430095627172e-01,7.726375433814378080e-02,1.883309337078777346e-01,1.677084831430983303e-01,1.748867958674125700e-01,1.948481349384932337e-01,1.319429278847154829e-01,2.724591009332114067e-01,1.946653042986661031e-01,1.256717856896907848e-01,3.327836669586788920e-01,1.867227415627407405e-01,1.170786815566228906e-01,1.385430242968082870e-01,2.208817702669590433e-01,1.733310057767179224e-01,3.155312194207907650e-01,3.246207337248540048e-01,1.935632596255943694e-01,3.587400444904972896e-01,1.591070510551678974e-01,2.269385637160615532e-01
2.281518826783343334e-01,1.027941890093417160e-01,1.349885250391173463e-01,1.369221480358038256e-01,2.712019000549324987e-01,0.000000000000000000e+00,2.400132606665887347e-01,1.745903206743081026e-01,7.119972197442997475e-02,1.223122886981644897e-01,9.667506402115300101e-02,9.596212702373307923e-02,2.525171724030794151e-01,1.707213450287714540e-01,1.523016385251191873e-01,1.449299250644215387e-01,8.126136485571015811e-02,1.046096831693633655e-01,2.133448429940278945e-01,1.667077192133926133e-01,1.800449389256618127e-01,6.275274141860305577e-02,2.094677315772025816e-01,1.453862329296944367e-01,1.225691740750765035e-01,1.036328140639939388e-01,9.840016784032105945e-02,1.647919052278736529e-01,1.763180510023173997e-01,1.180556147231835995e-01,1.240828119019287135e-01,2.579890231148793123e-01,1.195836663180670223e-01,1.064695717349211784e-01,5.768332311023490616e-02,1.571158370475478350e-01,1.032491515895983952e-01,1.932310382877724941e-01,2.538899396703731548e-01,1.299709962956616116e-01,8.301999189625931530e-01,1.834722767187217107e-01,1.044659939173898933e-01,1.716439543051522798e-01,1.606397791170125766e-01,1.397828005310672861e-01,1.438119291547285961e-01,1.283142457675571779e-01,1.536376987298267438e-01,2.450637168623469031e-01,9.710619583826470003e-02,3.966068708830675082e-01,1.641156752930399143e-01,5.127508996593547336e-02,1.550278265799491795e-01,7.098825598211412624e-02,1.097701964916888706e-01,1.372090781114120306e-01,2.722957448955242166e-01,1.089585411985528329e-01,1.110819775049127073e-01,2.512615089933905033e-01,2.455983715645184140e-01,1.999467010888801022e-01,1.246682671287614036e-01,1.285640203522404601e-01,1.165931617881400262e-01,1.836229486405414613e-01,1.159775337402286499e-01,2.506487636990853973e-01,1.058240271106961339e-01,1.727232572553302759e-01,1.293518448822315037e-01,1.225557852861052927e-01,1.461470876981692812e-01,1.226789108956875679e-01,3.081573919407817885e-01,6.133167201310692901e-02,1.137835020011114667e-01,6.321968344162344489e-02,2.082086729243773360e-01,9.179155128979202272e-02,2.987786413582254053e-01,1.590416445789017419e-01,9.353862809755879304e-02,1.951604332458364011e-01,1.411141202076223178e-01,1.035781058066665150e-01,3.371111926111821644e-01,1.530307830039253358e-01,1.317581113479595611e-01,1.750829512350196848e-01,1.923236115137179070e-01,1.602096082177696112e-01,2.745168104573488810e-01,1.568030262506746597e-01,1.744648248006495650e-01,8.865204042901780879e-02,1.704725313619569194e-01,1.079819283379483963e-01,2.333067586158298068e-01,1.339841096215104721e-01,2.192664673295932065e-01,9.370217631881971876e-02,1.291925246995930254e-01,1.220429754501499986e-01,1.088119691929731320e-01,1.918680723827400070e-01,2.464255937271281616e-01,2.946890389700241863e-01,1.436020006310027297e-01,1.945992572104874585e-01,3.340004452252792189e-01,1.404740848458447544e-01,1.316182017062698106e-01,nan,1.238244531176179580e-01,nan,2.215310945014677679e-01,2.602043231694914915e-01,1.232727581385739679e-01,2.226346766431295254e-01,2.038876815133816023e-01,1.377719837989247464e-01,1.696860521169821501e-01,1.148637018079669697e-01,1.202267125558333510e-01,1.725378001066618927e-01,9.709575386409098618e-02,8.996734480776036325e-02,1.506949838485721616e-01,2.452887638272077397e-01,1.105275278946449696e-01,1.631496965901829688e-01,7.535652455225230750e-02,1.158313461017964341e-01,1.421650440500766555e-01,1.620865370601999034e-01,2.048157359910185993e-01,1.018874669083909001e-01
1.212587383468689273e-01,2.123094219598560817e-01,2.022739160446058171e-01,1.569495341950631340e-01,1.124184861379589895e-01,2.400132606665887347e-01,0.000000000000000000e+00,1.255288011108210700e-01,2.035655177825859141e-01,3.193192857817787611e-01,2.869660139365121654e-01,2.372864319998462812e-01,1.151257761413702480e-01,1.984080153362491883e-01,1.260585231012663343e-01,1.788679426588277166e-01,2.528333143818976003e-01,2.996394315850500201e-01,1.136790181981829073e-01,1.119829340986510380e-01,1.144834986378989033e-01,2.339905477712310444e-01,1.095150407669406023e-01,1.768242625355739839e-01,2.140014702043391837e-01,1.342235703544025216e-01,2.118082712607082529e-01,3.737785372587896227e-01,7.344384956510457974e-02,3.356917887966585634e-01,2.173198399110830847e-01,8.239351828866933736e-02,1.967635645568647229e-01,2.636116738708814689e-01,2.098644625346130499e-01,1.433168642687495109e-01,2.607034239105193718e-01,1.458900101376835179e-01,9.263081695635669299e-02,2.506505574124403557e-01,8.707564825921719764e-01,8.302311167627317301e-02,2.049589127534621191e-01,9.496443803120742377e-02,1.595519560283983340e-01,1.525088764788125606e-01,2.365889978107088010e-01,1.630736559561693499e-01,2.020068449382850795e-01,1.314941151788188156e-01,1.407198235754793247e-01,2.969418788827087319e-01,1.820881065593855097e-01,2.491508208640894062e-01,9.511671148280838317e-02,2.547213898716053637e-01,1.803576216001524790e-01,2.083824709362382954e-01,7.075981377411702522e-02,2.142273499646862867e-01,1.725497795494256303e-01,1.414391666920242208e-01,9.657493637922943963e-02,1.652839592378640143e-01,2.844635275615267633e-01,1.604482361551754221e-01,1.765085689850945661e-01,8.912224957279192561e-02,1.661938203371860767e-01,1.374789038489565296e-01,1.896136309402741416e-01,1.144875344929476568e-01,2.124392099333283213e-01,2.112756665166567183e-01,1.743748188269435007e-01,3.003235410464075161e-01,1.405437834219246396e-01,2.522365843854049716e-01,1.809492267013451117e-01,2.608911872620727213e-01,1.522301462356843160e-01,1.824957279193085147e-01,1.003640277192774655e-01,2.593468641246118311e-01,2.041792239947598231e-01,1.259244430279803373e-01,1.397209174203198900e-01,2.196910649051974640e-01,1.729112768516486986e-01,9.985762400244713177e-02,1.572921334458675102e-01,3.452173035683685498e-01,1.163528682597617242e-01,8.803384993345643450e-02,1.074081963091144676e-01,1.977812406410603407e-01,1.112043984413912251e-01,1.778539180625333116e-01,2.067084238864963786e-01,2.216388454251501661e-01,9.076356135380515833e-02,1.685332709804405193e-01,1.151344244021889757e-01,2.790727142566579166e-01,2.444509075068505566e-01,2.697984474770300789e-01,2.953282415363154834e-01,1.442378720153490723e-01,1.441296726633280179e-01,1.321844385757275364e-01,1.389963853472837574e-01,1.320287698809903265e-01,1.333586802113378433e-01,1.874472736357769009e-01,1.506090137299148091e-01,nan,1.501717320384430843e-01,nan,1.463565677935564358e-01,8.670675829552389191e-02,1.634501435771448796e-01,1.610792388889867865e-01,1.667268094483850827e-01,1.729074331801737086e-01,1.169040507492757203e-01,2.455677503151009744e-01,1.683668400055733372e-01,1.172583731980788163e-01,3.009826666431775766e-01,1.567071907085648141e-01,9.182089131538447024e-02,1.360504674064666741e-01,1.946453812681873674e-01,1.626189496206776608e-01,2.830578328419305900e-01,2.948522028241375992e-01,1.735399093213838007e-01,3.290682459885683198e-01,1.458312019641161417e-01,1.997145433317905339e-01
1.128143202386920063e-01,1.519111215032599438e-01,1.723354948646947660e-01,1.243792230338419263e-01,1.409052166629564673e-01,1.745903206743081026e-01,1.255288011108210700e-01,0.000000000000000000e+00,1.398462851715958910e-01,2.544158820505346696e-01,2.033871714261462349e-01,1.543888802584228448e-01,1.133646699327197221e-01,1.550136049954917161e-01,6.676892968163188058e-02,1.260120146764188986e-01,1.711818168714756561e-01,2.321771676305206533e-01,8.961955660046476424e-02,7.257607666843368666e-02,8.624699112592348893e-02,1.594254351756798083e-01,1.274357105907562848e-01,1.252706345100840224e-01,1.521910048478306576e-01,6.937468269691209055e-02,1.627019088633462895e-01,3.065532997118848302e-01,7.227492500836800449e-02,2.583544922109599074e-01,1.600480458934374073e-01,1.205294016844890292e-01,1.103525767813415409e-01,1.878404171664774247e-01,1.239815952197539095e-01,1.148588972186232321e-01,1.816834320142600157e-01,8.912673385617941868e-02,1.202439450162795243e-01,2.008680932026271349e-01,8.584646774599097308e-01,8.063016993832508583e-02,1.399726779019319078e-01,6.098535721321004383e-02,1.238844784538190857e-01,1.141180936030095905e-01,1.864807824433899197e-01,8.594827379112528198e-02,1.445364612277647565e-01,1.470547707169888585e-01,7.647099709642650456e-02,3.038246773317873073e-01,1.493030622850947398e-01,1.633121557711926519e-01,5.150077754270880603e-02,1.867098012021082554e-01,1.264838894111655621e-01,1.380830008824429078e-01,1.440426135044194089e-01,1.638957532234790737e-01,9.425355099190745045e-02,1.488222830447643585e-01,1.074969851201867943e-01,1.460155060113420278e-01,2.036151652058045547e-01,1.183800205956729856e-01,8.942244031498886025e-02,8.652693853168547111e-02,1.243480892948944927e-01,1.709181410082911134e-01,9.660164989598060692e-02,9.927825458878321296e-02,1.538786969313087893e-01,1.254206017588000155e-01,1.245999138376977788e-01,2.389928940123606238e-01,1.946202052200261545e-01,1.818571659649297068e-01,1.329347232476461582e-01,1.807213610440693008e-01,1.609406104711220142e-01,1.019641481543170081e-01,1.644489216099218054e-01,2.143781500088885184e-01,1.136118180085617657e-01,1.226974886411500154e-01,7.739411886233729665e-02,1.412637671503820247e-01,2.465175215365717487e-01,5.134869627468154757e-02,1.044893121910048378e-01,2.939099908232343239e-01,9.793111179798943966e-02,7.454935354250379065e-02,1.348017866666239573e-01,1.488781444035342516e-01,5.189462574651306642e-02,1.051499752563648665e-01,1.501482215812544319e-01,1.539995803991973111e-01,1.102913342825066617e-01,1.214346503780410896e-01,1.367390611512116494e-01,1.910965834565176713e-01,1.808240511336428602e-01,1.913905602631633951e-01,2.176344444213112461e-01,1.183149344253631163e-01,1.321384426404101364e-01,1.662990088132184074e-01,7.084962756424938168e-02,6.765169289705527667e-02,1.937682554375940169e-01,1.112527005795936053e-01,8.509004601195062356e-02,nan,1.038094948294611131e-01,nan,1.420623539605030405e-01,1.236061325778383402e-01,9.219731487516877322e-02,1.448776511323615901e-01,1.522081091858943358e-01,1.010978486650448566e-01,1.021558192385366437e-01,1.665447475428529223e-01,9.622817315099382873e-02,1.110942772536326756e-01,2.224856062510910115e-01,1.012968227250669873e-01,6.909576027021008260e-02,1.301489582849537918e-01,1.269193773892822452e-01,1.445457501004960010e-01,2.106859191900103401e-01,2.364914326164352099e-01,1.097081211973677251e-01,2.534111463269715370e-01,1.548888137949369082e-01,1.064360677318975101e-01
1.960447339298498071e-01,6.329764591137454488e-02,6.538386266561820037e-02,1.111541104062600677e-01,2.307851820058519632e-01,7.119972197442997475e-02,2.035655177825859141e-01,1.398462851715958910e-01,0.000000000000000000e+00,1.311187165980945146e-01,1.263264270030733383e-01,1.116295085065254489e-01,2.422354793298558684e-01,1.605765507212489340e-01,1.522776796395917676e-01,1.551200106341577567e-01,1.114748647908481993e-01,1.116128525968004687e-01,2.128024368877151906e-01,1.543449342812254210e-01,1.746721908767254472e-01,7.686362813759703427e-02,2.000711079222873556e-01,1.479756503412059110e-01,1.305072525276143869e-01,8.495929712060960870e-02,1.063020517198027537e-01,1.829569044351164187e-01,1.526342442300885616e-01,1.482807737951291061e-01,1.251472526557367571e-01,2.389114081770907505e-01,1.343199183860423473e-01,1.193861016042523787e-01,7.886611691487709075e-02,1.445574092373034802e-01,1.182146786610570321e-01,1.933489108796722644e-01,2.247553583182655967e-01,1.223827560085393590e-01,8.326473127131034380e-01,1.601679043822659687e-01,1.238090143705267432e-01,1.519724921244773042e-01,1.660008680291414351e-01,1.266728058641614363e-01,1.304872013747531700e-01,1.401943936848477623e-01,1.658781267867066866e-01,2.380395353641799050e-01,8.857958722171418997e-02,3.821091826913067258e-01,1.763989602868660245e-01,8.289486117139091559e-02,1.277423715132695037e-01,7.205135145090590942e-02,8.213349391338609085e-02,1.581506815309984271e-01,2.337107284878515989e-01,9.558788154445127527e-02,1.198935943613339550e-01,2.442003001266809803e-01,2.268149256169492978e-01,1.845697730472147247e-01,1.468653417744629208e-01,1.080022357355746171e-01,1.284626755476831472e-01,1.619419509515488964e-01,1.001133562779166902e-01,2.369592714961331059e-01,1.101543714556144221e-01,1.575840602943932300e-01,1.439540809381121000e-01,1.406036165745520317e-01,1.595039101349609023e-01,1.210866059259805005e-01,2.779806631294212127e-01,8.134534907743876109e-02,1.204671342065941203e-01,9.442811773806340792e-02,2.063145116215008845e-01,1.115874843650655202e-01,2.743619104969067246e-01,1.410650493351248980e-01,1.090974258611826092e-01,1.687059158908589263e-01,1.458934053808197684e-01,1.223226025499557501e-01,2.955611680277000497e-01,1.408620394200540138e-01,1.329180032767299235e-01,1.651366184979892737e-01,1.731210131918008155e-01,1.300036675031990829e-01,2.638935431123809461e-01,1.682803573973859768e-01,1.694044391202476629e-01,8.264297256739636111e-02,1.641703835503673103e-01,1.084584154784650201e-01,2.074770300591124994e-01,1.199215250407188876e-01,2.081045734885963172e-01,1.220852558363749035e-01,1.363461738652761157e-01,1.446356279518195842e-01,1.315465172332612176e-01,1.834131482391981038e-01,2.423981947556305694e-01,2.798857788960015247e-01,1.302697136304598602e-01,1.908471932389819159e-01,3.141227060087795619e-01,1.542141213286931933e-01,1.455615684101453644e-01,nan,1.189274875360944728e-01,nan,1.919792185495585723e-01,2.438108080838817249e-01,1.186028894800313233e-01,2.189677499947950134e-01,1.950114269149892388e-01,1.388945921143876494e-01,1.539796573687186032e-01,1.268425039597823878e-01,1.110455266870915142e-01,1.614463735760398311e-01,1.207244039506536748e-01,6.822856392426043803e-02,1.242045922264947561e-01,2.419658457758850911e-01,1.146613965659998291e-01,1.708023824357026155e-01,9.458282551493188417e-02,1.137267437856640528e-01,1.558784951385563389e-01,1.793168194259156245e-01,1.776093324343412938e-01,1.252657017983577759e-01
3.154813157528070233e-01,1.455082054378342149e-01,1.484675762288137357e-01,2.159512366212206214e-01,3.504809554086062984e-01,1.223122886981644897e-01,3.193192857817787611e-01,2.544158820505346696e-01,1.311187165980945146e-01,0.000000000000000000e+00,1.293496027405377780e-01,1.377052960988335850e-01,3.576902096882942361e-01,2.022963374615432686e-01,2.582899185301800182e-01,2.462184838958172972e-01,1.282525548403835036e-01,7.312194207907393717e-02,3.218426561051116463e-01,2.682836565487353164e-01,2.809429166740070039e-01,1.425284631880371911e-01,3.017656865838248548e-01,2.153784014490641441e-01,1.616820546986481311e-01,1.969801554444805536e-01,1.518201546116850764e-01,8.229492811533575813e-02,2.730135505434790888e-01,1.136636435122829469e-01,1.464914166011373753e-01,3.563392872872167549e-01,1.882578398886616544e-01,1.324838605836294869e-01,1.400355219305480792e-01,2.307785837031532394e-01,1.305564515224942879e-01,2.998014423377209914e-01,3.471159491546325082e-01,1.057836044990174695e-01,8.084172561630870169e-01,2.772498530596425592e-01,1.766580878054717918e-01,2.674364472944556481e-01,2.582309822342301331e-01,1.951909263728713595e-01,1.358192705672458256e-01,2.272450324550009948e-01,2.145135753671907342e-01,3.487177351806445835e-01,1.891894177318174108e-01,4.767718925117271911e-01,2.542383684895813123e-01,1.366883887489329930e-01,2.468327025975211586e-01,7.444352445455901246e-02,1.622354152686646123e-01,2.197187393398173649e-01,3.536909976409466361e-01,1.241825551767048036e-01,2.118711152893243688e-01,3.512314963252898825e-01,3.452359453750221685e-01,2.856811386236132733e-01,1.191927008678689975e-01,1.729458698949236373e-01,2.194070816443867700e-01,2.817041558096293752e-01,1.701985416469811718e-01,3.223374006851344453e-01,2.043344442611582379e-01,2.471088703929993913e-01,1.954058516695147130e-01,1.933368673757172862e-01,2.431893504675666229e-01,9.918133000642213870e-02,3.953836864973422904e-01,1.013291095654569041e-01,1.875044802795630683e-01,1.015097621247816051e-01,3.054362006588693390e-01,1.823312828413700681e-01,3.918858173327161576e-01,1.579912972871687082e-01,1.685091839725305907e-01,2.833532189947837732e-01,2.466696668657902269e-01,1.684408947426581926e-01,4.042776860457107935e-01,2.534357458244114736e-01,2.150036434802523322e-01,9.993251153501823969e-02,2.839127935003515901e-01,2.448489196880860308e-01,3.790211129671061663e-01,2.621886826296478956e-01,2.775207037762471018e-01,1.698781075683492570e-01,2.396274841728819605e-01,1.342660429242011899e-01,3.265780593623028305e-01,1.886117139091260109e-01,3.145463426665150442e-01,1.612518837994051935e-01,1.577447898232391954e-01,1.502262481121967586e-01,1.139286646604837083e-01,2.919760475205916417e-01,3.523912601316777637e-01,3.935348164566794260e-01,2.333138053468673534e-01,3.019899007531994806e-01,4.339004136751425378e-01,2.485011763236243121e-01,2.409377277175157595e-01,nan,2.191052253112172887e-01,nan,3.017578070573011528e-01,3.613424022626412491e-01,2.117376758279508331e-01,3.200338883701711601e-01,2.619666465407757827e-01,2.444758913714379922e-01,2.386950735342399099e-01,1.401869625866628000e-01,1.875468887881704683e-01,2.675381124049692194e-01,1.109414913125017083e-01,1.733591927008678868e-01,2.395119177838671010e-01,3.512183637810837311e-01,1.804230921376098196e-01,2.596261068572700559e-01,7.674735707547850061e-02,1.152812526525336806e-01,2.434241987946887120e-01,1.198781556142427124e-01,2.874716489190474733e-01,2.063631340656595370e-01
2.735983651583993037e-01,1.115278433960118776e-01,1.527680039974183279e-01,1.626094045031814539e-01,3.183629803188005036e-01,9.667506402115300101e-02,2.869660139365121654e-01,2.033871714261462349e-01,1.263264270030733383e-01,1.293496027405377780e-01,0.000000000000000000e+00,1.079844267244071537e-01,3.025665795968309202e-01,2.062764592738983715e-01,1.980608677408660923e-01,1.860525974410757177e-01,7.713025081557903229e-02,1.195797585854007777e-01,2.552354168701944093e-01,2.201694738814515551e-01,2.288983877399692057e-01,8.126354293621265712e-02,2.600617229577692480e-01,1.879391995233847257e-01,1.522581409762605309e-01,1.552541547686349943e-01,1.367969724681015464e-01,1.394307842851491841e-01,2.323456485635078672e-01,9.784174643619586442e-02,1.411498022911484851e-01,3.121772316917118539e-01,1.485823738835335417e-01,1.367083758406029415e-01,8.750643414589616420e-02,2.039921653163101478e-01,1.207148588331574263e-01,2.324198314229752316e-01,3.105360480330811579e-01,1.578408816101139756e-01,8.265524028552071467e-01,2.396120454257907595e-01,1.224815383654466877e-01,2.243428042466163730e-01,1.942526861658255832e-01,1.782030515548451433e-01,1.729275483942261382e-01,1.642450148381734143e-01,1.699707400508966293e-01,2.937158213525559725e-01,1.493186291545684219e-01,4.394557361191410161e-01,1.868027539906118306e-01,4.472630656803377319e-02,2.097947639585331925e-01,9.457283196909686829e-02,1.536230287170305131e-01,1.465723258856860001e-01,3.249314945636071483e-01,1.359956310267567692e-01,1.508003645081782140e-01,2.927578502986051823e-01,2.978094595958059587e-01,2.465637737166541665e-01,1.206111437645238649e-01,1.717998792446545075e-01,1.459856534962195584e-01,2.378987288658126198e-01,1.560690771825247736e-01,2.898392864864518526e-01,1.373212492572905563e-01,2.241790638417816839e-01,1.596762988006143469e-01,1.406152116501682148e-01,1.674007972415250955e-01,1.494745540940706496e-01,3.603129389192556431e-01,6.959044078904168262e-02,1.451826464639023317e-01,7.549028431958205998e-02,2.537032012978797657e-01,1.259797918972202502e-01,3.517833194267163677e-01,1.968542111424833041e-01,1.285418551800680265e-01,2.485363459176205547e-01,1.804318044596198434e-01,1.269236694890959749e-01,3.834056530798218287e-01,2.060296315040126558e-01,1.690440308582758511e-01,1.919005514067036733e-01,2.415848098103308139e-01,2.106527995541341292e-01,3.260649292203913197e-01,1.827535742140893038e-01,2.230332013138950076e-01,1.325020539619444215e-01,2.164881334650858302e-01,1.413389109277181643e-01,2.882571031849622267e-01,1.759053688082856670e-01,2.660053202819332441e-01,7.986149970451775215e-02,1.613663611481687687e-01,1.251575024463367491e-01,1.160451823581885727e-01,2.429261870939121160e-01,2.947588016072953399e-01,3.471636747421136815e-01,1.890243961031577713e-01,2.436143324103183239e-01,3.882768020012715704e-01,1.658091328837305034e-01,1.741558576752514076e-01,nan,1.721484361862450907e-01,nan,2.679892313137508530e-01,3.136302676316417015e-01,1.600842404664936103e-01,2.534717482138938438e-01,2.407252367461398812e-01,1.763492488024561156e-01,2.165414323762057669e-01,1.326292154265754641e-01,1.634830069682560727e-01,2.246531166570307769e-01,7.964554942881439670e-02,1.335982050054211889e-01,2.032986388598389260e-01,2.847254737725475326e-01,1.392387928949732623e-01,2.029881983270419854e-01,7.809411549912477490e-02,1.412144400331196148e-01,1.648630131501610252e-01,1.452287705216022407e-01,2.524953915980544528e-01,1.205570120579177174e-01
