8.8691,0,4.2906,1.0601,0,3.2592,7.9888,5.7177,2.6635,3.7777,1.9455,1.4941,0.73386,8.7058,0.63656,0,5.7726,0,2.2915,1.0123,3.3737,0.90368,5.4728,3.5515,0,3.2212,2.6406,4.7895,8.3165,7.7814,0,1.502,2.9053,4.0686,0,0,0,0,0,0,0,0,1.6883,0,0,0,0,0,0,0,0,0,0,0,0,0.9123,0,2.196,0,0,0,1.4421,0,0,0,0,0,0
0,7.5637,4.0633,0,0,0,1.5077,0.93929,6.7317,0,4.4812,0.81971,6.5073,1.2947,2.8615,4.5161,5.1125,2.75,4.1747,0,2.1896,7.3448,3.5026,7.187,7.6747,5.9832,9.1861,3.2542,1.6657,1.6726,4.0914,1.2413,0,4.5569,0,5.4399,4.2647,0,0,0,0,0,1.6116,0,2.5564,0,5.1474,0,0,2.364,3.9781,1.1151,2.9865,0,0.74258,3.2893,2.8833,2.0414,4.076,5.4141,7.1727,0.57163,0,0.43413,2.9873,0,0,1.9637
4.2906,4.0633,10.308,0,0,3.7556,8.0481,6.5799,2.2197,4.3552,2.7814,0,0,6.6164,0,3.0513,8.7604,3.6795,6.0646,0,7.1015,3.4045,9.6525,4.5827,0.90863,9.6399,9.8907,6.9721,4.1556,6.8232,0.47369,0,2.12,5.6255,0,4.8667,7.2028,0,0,0,0,0,1.1215,0,0,0,0,0,0,3.5813,5.6743,0,3.0811,0,1.1524,3.8004,5.987,0.83654,0.79329,5.6944,8.0946,0,0,0,0,0,0,2.3062
1.0601,0,0,10.048,3.6218,5.3586,4.4778,4.1407,7.0348,8.7893,0,8.3515,1.1995,3.4562,5.6592,0,0,0,0,9.8783,0,0,0,7.986,0,0,0,9.4479,4.1122,0.92866,0,0.61941,1.1915,3.7143,0,0,0,2.929,0,1.4099,2.6337,0,5.1151,2.4532,0,4.3188,0,0,1.7028,0,0,0,0,3.7451,0,0,0,6.3928,0,0,0,3.7833,0,0,0,0,0,0
0,0,0,3.6218,6.6631,5.9992,2.1632,2.7665,4.4219,3.0715,0.89137,4.8649,1.3529,0.65407,6.4586,0,0,0,0,3.4052,0,1.5327,0,4.9631,0,0,0,4.0565,0.99216,0,0,5.4481,0,5.0732,0,0,0,0,0,0,0,0,1.1168,0,0,0.89764,0,0,0,0,0,0,0,0,0,0,0,1.0147,0,0,0,0,0,0,0,0,0,0
3.2592,0,3.7556,5.3586,5.9992,10.113,7.8346,8.8456,5.8002,9.6317,3.2915,8.9152,3.4877,6.5331,7.2173,0,2.1289,1.2268,0,6.1355,3.1736,1.3003,4.184,5.7581,0,1.7258,1.2536,7.4552,5.7803,4.3323,0,5.7584,2.2223,5.4693,0,0,0,1.1397,0,0,0,0,4.3153,0,0,3.0379,0,0,0,0,0,0,0,2.3398,0,0.88868,0,4.8113,0,0,0,2.6538,0,0,0,0,0,0
7.9888,1.5077,8.0481,4.4778,2.1632,7.8346,10.897,8.6353,5.6809,9.4427,1.3487,5.1021,2.6509,9.3611,4.3789,1.7365,5.4839,0,1.658,4.0597,6.84,2.9459,7.8134,6.9312,0,5.2936,5.8434,10.529,7.973,9.1973,0,2.3417,5.4024,6.5222,0,1.0627,0,0,0,0,3.3859,0,4.9869,0,0,3.2073,0,0,0,1.5856,0,0,0,3.6537,1.1703,2.8255,0,6.4795,0,0,0,4.8297,0,1.7963,0,0,0,0
5.7177,0.93929,6.5799,4.1407,2.7665,8.8456,8.6353,9.9241,5.5014,8.4627,4.1506,7.1752,3.5106,9.2231,4.563,0,6.2856,2.32,2.0408,5.6085,5.0999,2.325,7.0051,5.9707,0.58567,4.3028,3.2685,7.0869,6.3711,7.059,0.99276,5.5921,3.0357,5.393,0,0,0,0,0,0,0,0,4.6369,0,0,0,0,0,0,0,0,0,0,0,0,1.8008,0,4.6277,0,0,0,3.0386,0,0,0,0,0,0
2.6635,6.7317,2.2197,7.0348,4.4219,5.8002,5.6809,5.5014,8.5445,7.0952,2.5212,7.235,4.8363,4.9562,6.5588,2.9183,2.8898,0,0.74857,6.7939,2.6457,7.8432,3.0642,9.463,6.6808,3.2858,7.7323,7.9179,5.4621,4.8989,1.3614,2.8355,3.3464,4.6277,1.7007,2.6188,1.1018,4.815,1.1195,3.2364,4.6335,3.529,5.8767,5.2576,0,4.4633,1.2289,3.1558,2.175,3.3626,0,0,0,4.9398,2.6612,4.2109,2.1503,6.818,1.6008,0,2.9628,6.5615,3.8401,3.8652,0,0,1.8573,3.0374
3.7777,0,4.3552,8.7893,3.0715,9.6317,9.4427,8.4627,7.0952,11.694,1.8442,9.0944,2.9043,7.8098,5.407,0,1.3458,0,0,9.032,2.9271,0.97755,3.8933,6.3412,0,1.9132,1.7867,9.4795,7.184,3.5891,0,3.0398,2.9453,6.7147,0,0,0,2.0031,0,0,0,0,6.0614,0,0,4.8011,0,0,2.0101,0,0,0,0,3.6195,0,1.1182,0,6.7657,0,0,0,3.2912,0,0,0,0,0,0
1.9455,4.4812,2.7814,0,0.89137,3.2915,1.3487,4.1506,2.5212,1.8442,9.5622,3.2948,7.0324,5.5331,1.4767,0.4299,5.8967,8.4806,7.3791,0.64096,3.0439,3.7742,4.169,0.70282,5.059,7.9039,5.9884,0.87538,6.2555,2.5137,5.439,5.4173,1.32,8.2787,0,3.2864,0,0,0,0,0,0,0,0,3.9166,0,5.8709,0,0,0,0,2.1467,0.73545,0,0,1.0486,0,0,4.1162,4.5184,5.0944,0,0.85459,0,4.4181,0,0,2.0038
1.4941,0.81971,0,8.3515,4.8649,8.9152,5.1021,7.1752,7.235,9.0944,3.2948,10.714,3.932,6.4349,6.9824,0,0,0,0,9.3449,0,1.3005,0,7.2791,0,0,0.81921,7.7658,5.9648,0.98597,0,4.4409,0.65014,6.1618,0,0,0,3.9849,0.82612,2.3632,2.4443,0,4.6986,4.0985,0,4.7763,0,0,1.9421,0,0,0,0,4.4978,0,0,0,5.6598,0,0,0,4.8192,0,0,0,0,0,0
0.73386,6.5073,0,1.1995,1.3529,3.4877,2.6509,3.5106,4.8363,2.9043,7.0324,3.932,8.4857,3.8835,1.7495,0,0.52534,3.0004,1.4716,2.5451,0,5.8272,0.77939,3.2656,7.9459,4.8767,7.9413,2.9168,4.3121,1.381,6.442,4.6964,0,6.1812,0,4.8437,0,0,0,0,0,0,1.5804,0,5.15,0,7.5672,0,0,0,0,2.8701,0.9099,0,0,2.4175,0,0,5.9617,5.2711,6.6254,0,1.4921,0,5.7528,1.0358,0,3.2994
8.7058,1.2947,6.6164,3.4562,0.65407,6.5331,9.3611,9.2231,4.9562,7.8098,5.5331,6.4349,3.8835,10.026,3.0848,0,7.1358,3.549,3.5958,5.0611,5.284,2.3432,7.3347,5.4838,1.0628,5.1237,3.9662,6.8797,8.8458,8.3222,1.4975,5.1711,3.6834,6.2339,0,0,0,0,0,0,0,0,3.8917,0,0,0,0,0,0,0,0,0,0,0,0,1.6097,0,3.0269,0,0,0,1.7671,0,0,0,0,0,0
0.63656,2.8615,0,5.6592,6.4586,7.2173,4.3789,4.563,6.5588,5.407,1.4767,6.9824,1.7495,3.0848,7.2468,0,0,0,0,5.3836,1.8221,3.7794,1.0939,7.1415,0,0,3.3488,6.337,3.4513,2.1223,0,4.1331,1.3248,3.148,0,0,0,1.5803,0,0,0.99544,0,2.9534,1.9601,0,2.4498,0,0,0.99988,0.71016,0,0,0,2.346,0,1.4401,0,3.5346,0,0,0,2.6007,0,0,0,0,0,0
0,4.5161,3.0513,0,0,0,1.7365,0,2.9183,0,0.4299,0,0,0,0,9.3986,4.2086,0,1.6116,0,8.1831,8.2016,8.706,7.4906,1.8982,2.9725,8.5387,6.9074,1.1413,3.6591,0,0,0.67474,3.3791,0,2.8942,3.581,0,0,0,0,0,2.0932,0,0,0,0,0,0,8.2286,0.79355,0,0,0,5.9727,6.6577,7.7323,5.4621,0,0,6.7246,4.1704,1.5045,4.0398,0,0,0.88027,1.8215
5.7726,5.1125,8.7604,0,0,2.1289,5.4839,6.2856,2.8898,1.3458,5.8967,0,0.52534,7.1358,0,4.2086,9.5063,6.1803,8.9034,0,6.8105,4.4272,9.0292,4.3595,1.5616,8.7794,9.0171,5.5382,7.211,7.756,1.0009,0.82643,4.5435,8.2298,0,4.6009,5.7491,0,0,0,0,0,1.0476,0,0,0,0,0,0,1.738,4.4409,0,2.6762,0,0,3.3055,3.4199,0,1.1601,5.4522,7.1142,0,0,0,0,0,0,1.361
0,2.75,3.6795,0,0,1.2268,0,2.32,0,0,8.4806,0,3.0004,3.549,0,0,6.1803,8.1386,8.297,0,2.1913,1.414,3.7661,0,2.9604,8.2316,6.0515,0,4.3505,1.9582,3.6371,3.1617,0.95163,6.5647,0,2.0748,0,0,0,0,0,0,0,0,1.7761,0,3.6537,0,0,0,0,1.8778,1.376,0,0,0,0,0,2.6191,4.7901,5.0046,0,0,0,3.3509,0,0,0
2.2915,4.1747,6.0646,0,0,0,1.658,2.0408,0.74857,0,7.3791,0,1.4716,3.5958,0,1.6116,8.9034,8.297,9.3818,0,4.8326,2.506,6.1527,0.77788,2.742,9.0601,7.5264,2.2545,5.0796,4.9094,2.233,1.6527,2.621,7.6369,0,3.4908,2.9149,0,0,0,0,0,0,0,0.6813,0,1.7275,0,0,0,2.6484,1.4497,2.9799,0,0,1.1206,0,0,2.1447,5.5634,5.9187,0,0,0,1.7587,0,0,0.50752
1.0123,0,0,9.8783,3.4052,6.1355,4.0597,5.6085,6.7939,9.032,0.64096,9.3449,2.5451,5.0611,5.3836,0,0,0,0,9.196,0,0,0,6.6371,0,0,0,8.3531,4.9643,0.60333,0,1.9502,0.49193,4.8461,0,0,0,3.7682,0,2.7799,3.5093,0,5.2188,4.0732,0,5.0432,0,0,2.2272,0,0,0,0,4.9358,0,0,0,6.807,0,0,0,4.8861,0,0,0,0,0,0
3.3737,2.1896,7.1015,0,0,3.1736,6.84,5.0999,2.6457,2.9271,3.0439,0,0,5.284,1.8221,8.1831,6.8105,2.1913,4.8326,0,10.716,5.1546,10.515,5.4077,0,5.0259,7.0672,9.0645,5.6294,9.5303,0,0,4.7325,8.1592,0,1.3498,1.1097,0,0,0,1.0228,0,2.382,0,0,0,0,0,0,6.5747,0,0,0,0,5.5512,5.2896,4.8918,5.3817,0,0,3.5737,4.3243,2.7696,4.5821,0,0,2.0153,2.3357
0.90368,7.3448,3.4045,0,1.5327,1.3003,2.9459,2.325,7.8432,0.97755,3.7742,1.3005,5.8272,2.3432,3.7794,8.2016,4.4272,1.414,2.506,0,5.1546,8.4817,5.9568,8.8804,6.6606,4.3955,8.6414,6.0647,2.6864,3.6804,3.3763,0,1.3459,3.9697,0.93311,4.0094,3.752,0,0,0,2.1073,1.5927,3.7675,0,1.3373,0,3.6769,1.695,0.5651,6.0651,2.3525,0,0.5695,0,4.08,5.8723,5.1871,5.2882,2.6913,2.579,6.4715,4.3411,2.4991,3.4824,0,0,0.98582,1.7169
5.4728,3.5026,9.6525,0,0,4.184,7.8134,7.0051,3.0642,3.8933,4.169,0,0.77939,7.3347,1.0939,8.706,9.0292,3.7661,6.1527,0,10.515,5.9568,11.137,6.0197,0,7.464,9.6872,8.2997,6.4693,8.753,0,0,4.419,8.3361,0,3.4191,6.2581,0,0,0,0,0,1.9275,0,0,0,0,0,0,7.993,2.6853,0,0,0,5.2036,6.018,8.3975,3.8544,0,1.757,8.1527,2.2713,0,3.0185,0,0,0,1.7681
3.5515,7.187,4.5827,7.986,4.9631,5.7581,6.9312,5.9707,9.463,6.3412,0.70282,7.2791,3.2656,5.4838,7.1415,7.4906,4.3595,0,0.77788,6.6371,5.4077,8.8804,6.0197,10.409,6.0746,3.6664,8.6118,9.1846,6.474,6.3596,0,2.2769,4.8735,5.6393,2.3732,3.5014,1.3387,5.0266,0,3.3889,6.1722,3.5927,7.0425,5.2438,0,5.0173,0,2.391,2.4389,6.7175,0,0,0,5.5858,5.463,6.507,4.519,8.8658,0,0,4.5143,8.1108,4.4559,5.6094,0,0,3.4219,3.8934
0,7.6747,0.90863,0,0,0,0,0.58567,6.6808,0,5.059,0,7.9459,1.0628,0,1.8982,1.5616,2.9604,2.742,0,0,6.6606,0,6.0746,8.3468,5.5281,8.682,0.35876,1.5822,0,4.6524,1.7772,0,4.1192,0,4.3524,0.86862,0,0,0,0,0,0.77386,0,3.5884,0,6.3346,0,0,0,1.2697,2.4078,2.3172,0,0,1.8358,0,0,5.2821,5.6683,6.8662,0,0,0,4.7484,0,0,2.0774
3.2212,5.9832,9.6399,0,0,1.7258,5.2936,4.3028,3.2858,1.9132,7.9039,0,4.8767,5.1237,0,2.9725,8.7794,8.2316,9.0601,0,5.0259,4.3955,7.464,3.6664,5.5281,11.526,10.138,4.4974,5.0995,5.2889,6.4284,3.2684,1.6666,7.1048,0,6.1111,5.9676,0,0,0,0,0,0,0,4.3515,0,6.6003,0,0,0.8514,5.8555,4.8017,5.9393,0,0,2.8762,2.3978,0,5.8873,8.5744,9.0064,0,0,0,6.2032,0,0,3.0286
2.6406,9.1861,9.8907,0,0,1.2536,5.8434,3.2685,7.7323,1.7867,5.9884,0.81921,7.9413,3.9662,3.3488,8.5387,9.0171,6.0515,7.5264,0,7.0672,8.6414,9.6872,8.6118,8.682,10.138,11.655,8.0802,4.339,5.4534,7.3377,1.6123,2.1893,7.5637,0,7.6955,8.0797,0,0,0,0,0,2.4622,0,4.3507,0,7.1611,0,0,6.967,7.0378,4.4771,6.0045,0,3.2705,6.6987,8.0701,3.6215,6.6842,8.66,10.241,1.2627,0,0.79257,6.1216,0,0,4.2069
4.7895,3.2542,6.9721,9.4479,4.0565,7.4552,10.529,7.0869,7.9179,9.4795,0.87538,7.7658,2.9168,6.8797,6.337,6.9074,5.5382,0,2.2545,8.3531,9.0645,6.0647,8.2997,9.1846,0.35876,4.4974,8.0802,11.225,7.9219,9.4339,0,1.0245,6.5361,7.439,1.9177,1.8942,0.58221,3.149,0,2.4716,5.3946,0,6.9016,2.9541,0,5.2662,0,1.6141,2.2834,5.9669,0,0,0,4.7114,5.1066,5.6324,3.034,8.6115,0,0,2.8608,7.1611,3.8634,5.24,0,0,3.1882,3.2148
8.3165,1.6657,4.1556,4.1122,0.99216,5.7803,7.973,6.3711,5.4621,7.184,6.2555,5.9648,4.3121,8.8458,3.4513,1.1413,7.211,4.3505,5.0796,4.9643,5.6294,2.6864,6.4693,6.474,1.5822,5.0995,4.339,7.9219,10.419,8.9862,2.0594,5.8605,8.2882,8.0635,0,0,0,0,0,0,1.6474,0,4.2739,0,0,0,1.0322,0,0,2.3857,0,0,0,0,2.1356,2.5605,0,4.5076,0.60545,0,0.33309,3.4731,1.6251,2.6174,0,0,1.0745,1.2856
7.7814,1.6726,6.8232,0.92866,0,4.3323,9.1973,7.059,4.8989,3.5891,2.5137,0.98597,1.381,8.3222,2.1223,3.6591,7.756,1.9582,4.9094,0.60333,9.5303,3.6804,8.753,6.3596,0,5.2889,5.4534,9.4339,8.9862,10.629,0,1.7406,6.7158,8.0461,0,0.66224,0,0,0,0,3.0698,0,4.4396,0,0,0,0,0,0,4.7374,0,0,0,0,4.2795,3.9731,2.2821,6.1034,0,0,0.76021,5.0628,2.86,3.9194,0,0,2.2939,2.3944
0,4.0914,0.47369,0,0,0,0,0.99276,1.3614,0,5.439,0,6.442,1.4975,0,0,1.0009,3.6371,2.233,0,0,3.3763,0,0,4.6524,6.4284,7.3377,0,2.0594,0,6.0814,2.1268,0,3.7267,0,3.6436,0,0,0,0,0,0,0,0,4.0486,0,6.611,0,0,0,0,2.8999,1.0186,0,0,0,0,0,4.8979,5.5356,6.4457,0,0,0,5.4043,0,0,1.2352
1.502,1.2413,0,0.61941,5.4481,5.7584,2.3417,5.5921,2.8355,3.0398,5.4173,4.4409,4.6964,5.1711,4.1331,0,0.82643,3.1617,1.6527,1.9502,0,0,0,2.2769,1.7772,3.2684,1.6123,1.0245,5.8605,1.7406,2.1268,6.4113,0,7.6139,0,0,0,0,0,0,0,0,0.69967,0,0,0,1.3591,0,0,0,0,0,0,0,0,0,0,0,0,0,0,0,0,0,0,0,0,0
2.9053,0,2.12,1.1915,0,2.2223,5.4024,3.0357,3.3464,2.9453,1.32,0.65014,0,3.6834,1.3248,0.67474,4.5435,0.95163,2.621,0.49193,4.7325,1.3459,4.419,4.8735,0,1.6666,2.1893,6.5361,8.2882,6.7158,0,0,7.8245,7.2569,0,0,0,0,0,0,1.0763,0,2.3636,0,0,0,0,0,0,1.816,0,0,0,0,1.9448,1.5084,0.43073,3.5555,0,0,0,2.5628,1.103,1.896,0,0,0,0
4.0686,4.5569,5.6255,3.7143,5.0732,5.4693,6.5222,5.393,4.6277,6.7147,8.2787,6.1618,6.1812,6.2339,3.148,3.3791,8.2298,6.5647,7.6369,4.8461,8.1592,3.9697,8.3361,5.6393,4.1192,7.1048,7.5637,7.439,8.0635,8.0461,3.7267,7.6139,7.2569,9.2426,0,3.2043,3.5984,0,0,0,1.7446,0,3.5951,0,1.8239,0,2.919,0,0,3.0138,2.3719,0,1.2978,0,2.3899,2.5918,2.8638,3.9495,2.2892,3.583,5.3526,2.9658,1.377,2.2494,0.9408,0,0.59511,1.5839
0,0,0,0,0,0,0,0,1.7007,0,0,0,0,0,0,0,0,0,0,0,0,0.93311,0,2.3732,0,0,0,1.9177,0,0,0,0,0,0,8.6544,0,3.3297,1.4496,0,2.5125,8.2026,5.1724,3.2329,3.8025,2.2988,2.1434,0,8.4666,0.63185,1.5538,4.7205,0,3.2999,1.8429,3.4475,1.8373,3.913,4.3806,0,3.3471,2.6762,5.414,8.1013,7.6426,0,1.01,2.9563,4.3625
0,5.4399,4.8667,0,0,0,1.0627,0,2.6188,0,3.2864,0,4.8437,0,0,2.8942,4.6009,2.0748,3.4908,0,1.3498,4.0094,3.4191,3.5014,4.3524,6.1111,7.6955,1.8942,0,0.66224,3.6436,0,0,3.2043,0,8.1488,4.2159,0,0,0,2.5112,1.2869,6.9141,0,4.0591,0.90868,5.5686,2.012,3.2179,4.9373,5.2821,2.5559,4.3845,0,2.4722,7.4169,4.3802,7.1618,7.6668,5.7665,9.277,2.8743,1.8084,2.8131,3.1807,0,0,3.9972
0,4.2647,7.2028,0,0,0,0,0,1.1018,0,0,0,0,0,0,3.581,5.7491,0,2.9149,0,1.1097,3.752,6.2581,1.3387,0.86862,5.9676,8.0797,0.58221,0,0,0,0,0,3.5984,3.3297,4.2159,10.029,0,0,2.7164,8.2225,6.0986,1.6526,3.3767,2.268,0,0,6.6108,0,3.653,8.5434,3.5578,6.0343,0,6.7618,3.3184,9.4931,4.4291,0.77293,9.3985,9.7649,6.8591,2.9433,6.0587,0,0,1.5759,4.7135
0,0,0,2.929,0,1.1397,0,0,4.815,2.0031,0,3.9849,0,0,1.5803,0,0,0,0,3.7682,0,0,0,5.0266,0,0,0,3.149,0,0,0,0,0,0,1.4496,0,0,10.338,2.8057,5.3574,4.1405,4.2482,6.9606,8.8757,0,8.2949,0,3.8465,4.8958,0,0,0,0,10.104,0,0,0,8.3673,0,0,0,9.2773,4.4026,0.87723,0,0,1.0029,3.9449
0,0,0,0,0,0,0,0,1.1195,0,0,0.82612,0,0,0,0,0,0,0,0,0,0,0,0,0,0,0,0,0,0,0,0,0,0,0,0,0,2.8057,6.4233,5.8508,1.5796,2.8899,4.4124,2.556,0,4.1117,0,1.2294,6.5594,0,0,0,0,2.7607,0,1.5435,0,5.0607,0,0,0,3.4691,0.52418,0,0,5.0705,0,5.3668
0,0,0,1.4099,0,0,0,0,3.2364,0,0,2.3632,0,0,0,0,0,0,0,2.7799,0,0,0,3.3889,0,0,0,2.4716,0,0,0,0,0,0,2.5125,0,2.7164,5.3574,5.8508,10.144,7.8004,8.7354,5.7183,9.6255,3.6602,8.815,0.75081,6.4524,7.2609,0,0,0.87111,0,6.183,2.6445,1.5718,2.5937,6.0453,0,1.0441,0.99172,7.8885,5.6523,2.4806,0,5.3714,1.7583,5.4398
0,0,0,2.6337,0,0,3.3859,0,4.6335,0,0,2.4443,0,0,0.99544,0,0,0,0,3.5093,1.0228,2.1073,0,6.1722,0,0,0,5.3946,1.6474,3.0698,0,0,1.0763,1.7446,8.2026,2.5112,8.2225,4.1405,1.5796,7.8004,11.246,8.9355,5.9432,9.4258,2.8318,5.0004,0,9.7583,4.1049,2.9287,7.545,1.7106,5.3458,4.2922,7.413,3.5088,8.3578,7.0344,0,6.4634,6.4286,10.49,8.1372,9.4003,0,1.6261,5.2689,6.795
0,0,0,0,0,0,0,0,3.529,0,0,0,0,0,0,0,0,0,0,0,0,1.5927,0,3.5927,0,0,0,0,0,0,0,0,0,0,5.1724,1.2869,6.0986,4.2482,2.8899,8.7354,8.9355,9.7782,5.4912,8.5773,4.5353,7.0234,2.3659,9.3742,5.2557,1.961,3.9687,1.685,0,5.7055,4.9933,2.7213,5.861,6.1428,0,3.6602,2.4021,7.3667,6.1705,5.983,1.4583,5.7192,2.5928,5.6662
1.6883,1.6116,1.1215,5.1151,1.1168,4.3153,4.9869,4.6369,5.8767,6.0614,0,4.6986,1.5804,3.8917,2.9534,2.0932,1.0476,0,0,5.2188,2.382,3.7675,1.9275,7.0425,0.77386,0,2.4622,6.9016,4.2739,4.4396,0,0.69967,2.3636,3.5951,3.2329,6.9141,1.6526,6.9606,4.4124,5.7183,5.9432,5.4912,8.5775,6.983,1.8914,7.0805,3.039,5.378,6.3356,2.7403,2.5437,0,0.696,6.8031,2.0075,7.6888,2.3489,9.478,5.7668,2.3155,7.3556,7.9831,5.8186,4.9982,0,2.3802,3.4924,4.6517
0,0,0,2.4532,0,0,0,0,5.2576,0,0,4.0985,0,0,1.9601,0,0,0,0,4.0732,0,0,0,5.2438,0,0,0,2.9541,0,0,0,0,0,0,3.8025,0,3.3767,8.8757,2.556,9.6255,9.4258,8.5773,6.983,11.66,2.2487,9.3157,0,7.8771,5.1276,0,0,0,0,9.3031,2.3908,0.85052,2.8572,6.6193,0,0,2.2026,9.7113,7.2422,2.5555,0,2.0543,2.4752,6.6872
0,2.5564,0,0,0,0,0,0,0,0,3.9166,0,5.15,0,0,0,0,1.7761,0.6813,0,0,1.3373,0,0,3.5884,4.3515,4.3507,0,0,0,4.0486,0,0,1.8239,2.2988,4.0591,2.268,0,0,3.6602,2.8318,4.5353,1.8914,2.2487,9.3429,3.8999,7.3295,6.2332,2.2964,0.67302,5.3579,8.2953,6.5918,1.6212,3.6341,2.5255,4.4623,1.1067,5.21,7.6426,5.3937,0.92245,7.1521,4.1279,5.9138,5.4539,1.1965,8.4693
0,0,0,4.3188,0.89764,3.0379,3.2073,0,4.4633,4.8011,0,4.7763,0,0,2.4498,0,0,0,0,5.0432,0,0,0,5.0173,0,0,0,5.2662,0,0,0,0,0,0,2.1434,0.90868,0,8.2949,4.1117,8.815,5.0004,7.0234,7.0805,9.3157,3.8999,10.805,0.54131,6.8744,6.8403,0,0,0,0,9.7076,0,1.6525,0,7.7356,0,0,0.94994,7.7578,6.4049,0.49711,0,3.4268,0.48886,6.2154
0,5.1474,0,0,0,0,0,0,1.2289,0,5.8709,0,7.5672,0,0,0,0,3.6537,1.7275,0,0,3.6769,0,0,6.3346,6.6003,7.1611,0,1.0322,0,6.611,1.3591,0,2.919,0,5.5686,0,0,0,0.75081,0,2.3659,3.039,0,7.3295,0.54131,8.8117,3.5113,0,0,0.82266,3.4245,1.7483,0,0,3.9519,0,1.6871,7.7329,5.1727,7.9872,0,4.9776,0,6.5743,3.9108,0,6.3173
0,0,0,0,0,0,0,0,3.1558,0,0,0,0,0,0,0,0,0,0,0,0,1.695,0,2.391,0,0,0,1.6141,0,0,0,0,0,0,8.4666,2.012,6.6108,3.8465,1.2294,6.4524,9.7583,9.3742,5.378,7.8771,6.2332,6.8744,3.5113,10.181,3.9935,2.5158,6.0865,3.3581,3.0213,5.7269,5.2396,3.296,6.3516,6.0527,0.76469,5.3458,3.648,7.269,8.7259,7.8563,2.4745,5.1274,3.3168,6.4707
0,0,0,1.7028,0,0,0,0,2.175,2.0101,0,1.9421,0,0,0.99988,0,0,0,0,2.2272,0,0.5651,0,2.4389,0,0,0,2.2834,0,0,0,0,0,0,0.63185,3.2179,0,4.8958,6.5594,7.2609,4.1049,5.2557,6.3356,5.1276,2.2964,6.8403,0,3.9935,7.4018,1.2401,0,0,0,4.9893,1.9123,3.8251,1.7052,6.9723,0,0,3.1178,5.8292,3.557,1.6891,0,3.9337,0.86472,3.6171
0,2.364,3.5813,0,0,0,1.5856,0,3.3626,0,0,0,0,0,0.71016,8.2286,1.738,0,0,0,6.5747,6.0651,7.993,6.7175,0,0.8514,6.967,5.9669,2.3857,4.7374,0,0,1.816,3.0138,1.5538,4.9373,3.653,0,0,0,2.9287,1.961,2.7403,0,0.67302,0,0,2.5158,1.2401,9.9568,4.3606,0,2.2932,0,8.4239,8.585,8.5962,8.1957,1.759,3.1659,8.7741,6.9464,3.2594,5.4235,0,0,1.6909,3.7086
0,3.9781,5.6743,0,0,0,0,0,0,0,0,0,0,0,0,0.79355,4.4409,0,2.6484,0,0,2.3525,2.6853,0,1.2697,5.8555,7.0378,0,0,0,0,0,0,2.3719,4.7205,5.2821,8.5434,0,0,0,7.545,3.9687,2.5437,0,5.3579,0,0.82266,6.0865,0,4.3606,8.9805,5.899,8.6966,0,6.362,4.0429,8.9256,4.1138,1.044,8.4839,8.777,5.6046,4.9705,7.9191,1.4078,0,2.2274,7.8457
0,1.1151,0,0,0,0,0,0,0,0,2.1467,0,2.8701,0,0,0,0,1.8778,1.4497,0,0,0,0,0,2.4078,4.8017,4.4771,0,0,0,2.8999,0,0,0,0,2.5559,3.5578,0,0,0.87111,1.7106,1.685,0,0,8.2953,0,3.4245,3.3581,0,0,5.899,8.0898,8.0888,0,3.4744,0.80905,4.7604,0,2.3251,7.972,5.9294,0,4.1497,4.0904,4.2022,1.9158,1.0224,6.3697
0,2.9865,3.0811,0,0,0,0,0,0,0,0.73545,0,0.9099,0,0,0,2.6762,1.376,2.9799,0,0,0.5695,0,0,2.3172,5.9393,6.0045,0,0,0,1.0186,0,0,1.2978,3.2999,4.3845,6.0343,0,0,0,5.3458,0,0.696,0,6.5918,0,1.7483,3.0213,0,2.2932,8.6966,8.0888,9.2597,0,5.2187,2.5206,6.5533,1.0614,2.1475,8.8635,7.7034,2.8499,4.3708,6.7013,2.4858,0,1.8285,7.6182
0,0,0,3.7451,0,2.3398,3.6537,0,4.9398,3.6195,0,4.4978,0,0,2.346,0,0,0,0,4.9358,0,0,0,5.5858,0,0,0,4.7114,0,0,0,0,0,0,1.8429,0,0,10.104,2.7607,6.183,4.2922,5.7055,6.8031,9.3031,1.6212,9.7076,0,5.7269,4.9893,0,0,0,0,9.4714,0,0,0,7.4152,0,0,0,8.3216,5.5358,0.60819,0,1.3304,0.92794,5.1365
0,0.74258,1.1524,0,0,0,1.1703,0,2.6612,0,0,0,0,0,0,5.9727,0,0,0,0,5.5512,4.08,5.2036,5.463,0,0,3.2705,5.1066,2.1356,4.2795,0,0,1.9448,2.3899,3.4475,2.4722,6.7618,0,0,2.6445,7.413,4.9933,2.0075,2.3908,3.6341,0,0,5.2396,1.9123,8.4239,6.362,3.4744,5.2187,0,10.667,5.2765,10.387,5.9728,0,5.3115,6.7296,9.2301,5.7016,9.4337,0,0,4.6457,7.963
0.9123,3.2893,3.8004,0,0,0.88868,2.8255,1.8008,4.2109,1.1182,1.0486,0,2.4175,1.6097,1.4401,6.6577,3.3055,0,1.1206,0,5.2896,5.8723,6.018,6.507,1.8358,2.8762,6.6987,5.6324,2.5605,3.9731,0,0,1.5084,2.5918,1.8373,7.4169,3.3184,0,1.5435,1.5718,3.5088,2.7213,7.6888,0.85052,2.5255,1.6525,3.9519,3.296,3.8251,8.585,4.0429,0.80905,2.5206,0,5.2765,8.7152,6.1215,8.8357,5.8357,3.6653,8.5578,5.6726,3.6692,4.7382,1.3353,0,1.6805,3.321
0,2.8833,5.987,0,0,0,0,0,2.1503,0,0,0,0,0,0,7.7323,3.4199,0,0,0,4.8918,5.1871,8.3975,4.519,0,2.3978,8.0701,3.034,0,2.2821,0,0,0.43073,2.8638,3.913,4.3802,9.4931,0,0,2.5937,8.3578,5.861,2.3489,2.8572,4.4623,0,0,6.3516,1.7052,8.5962,8.9256,4.7604,6.5533,0,10.387,6.1215,11.022,6.1746,0,7.5567,9.5892,8.2674,5.1363,8.4301,0,0,3.5641,7.871
2.196,2.0414,0.83654,6.3928,1.0147,4.8113,6.4795,4.6277,6.818,6.7657,0,5.6598,0,3.0269,3.5346,5.4621,0,0,0,6.807,5.3817,5.2882,3.8544,8.8658,0,0,3.6215,8.6115,4.5076,6.1034,0,0,3.5555,3.9495,4.3806,7.1618,4.4291,8.3673,5.0607,6.0453,7.0344,6.1428,9.478,6.6193,1.1067,7.7356,1.6871,6.0527,6.9723,8.1957,4.1138,0,1.0614,7.4152,5.9728,8.8357,6.1746,10.697,5.2177,3.2705,8.4293,9.5289,6.8112,6.6483,0,2.5008,4.778,5.6799
0,4.076,0.79329,0,0,0,0,0,1.6008,0,4.1162,0,5.9617,0,0,0,1.1601,2.6191,2.1447,0,0,2.6913,0,0,5.2821,5.8873,6.6842,0,0.60545,0,4.8979,0,0,2.2892,0,7.6668,0.77293,0,0,0,0,0,5.7668,0,5.21,0,7.7329,0.76469,0,1.759,1.044,2.3251,2.1475,0,0,5.8357,0,5.2177,8.131,4.8791,8.2943,0,2.0071,0,3.7898,1.6678,0,4.0744
0,5.4141,5.6944,0,0,0,0,0,0,0,4.5184,0,5.2711,0,0,0,5.4522,4.7901,5.5634,0,0,2.579,1.757,0,5.6683,8.5744,8.66,0,0,0,5.5356,0,0,3.583,3.3471,5.7665,9.3985,0,0,1.0441,6.4634,3.6602,2.3155,0,7.6426,0,5.1727,5.3458,0,3.1659,8.4839,7.972,8.8635,0,5.3115,3.6653,7.5567,3.2705,4.8791,11.156,9.8411,4.2858,4.5957,6.1019,6.7963,2.4196,1.1743,6.3341
0,7.1727,8.0946,0,0,0,0,0,2.9628,0,5.0944,0,6.6254,0,0,6.7246,7.1142,5.0046,5.9187,0,3.5737,6.4715,8.1527,4.5143,6.8662,9.0064,10.241,2.8608,0.33309,0.76021,6.4457,0,0,5.3526,2.6762,9.277,9.7649,0,0,0.99172,6.4286,2.4021,7.3556,2.2026,5.3937,0.94994,7.9872,3.648,3.1178,8.7741,8.777,5.9294,7.7034,0,6.7296,8.5578,9.5892,8.4293,8.2943,9.8411,11.563,7.5495,3.6448,5.7858,7.0823,0.99512,1.8638,6.693
1.4421,0.57163,0,3.7833,0,2.6538,4.8297,3.0386,6.5615,3.2912,0,4.8192,0,1.7671,2.6007,4.1704,0,0,0,4.8861,4.3243,4.3411,2.2713,8.1108,0,0,1.2627,7.1611,3.4731,5.0628,0,0,2.5628,2.9658,5.414,2.8743,6.8591,9.2773,3.4691,7.8885,10.49,7.3667,7.9831,9.7113,0.92245,7.7578,0,7.269,5.8292,6.9464,5.6046,0,2.8499,8.3216,9.2301,5.6726,8.2674,9.5289,0,4.2858,7.5495,11.194,8.1689,9.0647,0,0.50532,6.4563,7.3973
0,0,0,0,0,0,0,0,3.8401,0,0.85459,0,1.4921,0,0,1.5045,0,0,0,0,2.7696,2.4991,0,4.4559,0,0,0,3.8634,1.6251,2.86,0,0,1.103,1.377,8.1013,1.8084,2.9433,4.4026,0.52418,5.6523,8.1372,6.1705,5.8186,7.2422,7.1521,6.4049,4.9776,8.7259,3.557,3.2594,4.9705,4.1497,4.3708,5.5358,5.7016,3.6692,5.1363,6.8112,2.0071,4.5957,3.6448,8.1689,10.267,8.5756,3.2569,5.2393,8.113,8.076
0,0.43413,0,0,0,0,1.7963,0,3.8652,0,0,0,0,0,0,4.0398,0,0,0,0,4.5821,3.4824,3.0185,5.6094,0,0,0.79257,5.24,2.6174,3.9194,0,0,1.896,2.2494,7.6426,2.8131,6.0587,0.87723,0,2.4806,9.4003,5.983,4.9982,2.5555,4.1279,0.49711,0,7.8563,1.6891,5.4235,7.9191,4.0904,6.7013,0.60819,9.4337,4.7382,8.4301,6.6483,0,6.1019,5.7858,9.0647,8.5756,10.543,0,0,6.7505,8.1346
0,2.9873,0,0,0,0,0,0,0,0,4.4181,0,5.7528,0,0,0,0,3.3509,1.7587,0,0,0,0,0,4.7484,6.2032,6.1216,0,0,0,5.4043,0,0,0.9408,0,3.1807,0,0,0,0,0,1.4583,0,0,5.9138,0,6.5743,2.4745,0,0,1.4078,4.2022,2.4858,0,0,1.3353,0,0,3.7898,6.7963,7.0823,0,3.2569,0,6.2694,1.8353,0,4.0681
0,0,0,0,0,0,0,0,0,0,0,0,1.0358,0,0,0,0,0,0,0,0,0,0,0,0,0,0,0,0,0,0,0,0,0,1.01,0,0,0,5.0705,5.3714,1.6261,5.7192,2.3802,2.0543,5.4539,3.4268,3.9108,5.1274,3.9337,0,0,1.9158,0,1.3304,0,0,0,2.5008,1.6678,2.4196,0.99512,0.50532,5.2393,0,1.8353,6.5517,0,7.8083
0,0,0,0,0,0,0,0,1.8573,0,0,0,0,0,0,0.88027,0,0,0,0,2.0153,0.98582,0,3.4219,0,0,0,3.1882,1.0745,2.2939,0,0,0,0.59511,2.9563,0,1.5759,1.0029,0,1.7583,5.2689,2.5928,3.4924,2.4752,1.1965,0.48886,0,3.3168,0.86472,1.6909,2.2274,1.0224,1.8285,0.92794,4.6457,1.6805,3.5641,4.778,0,1.1743,1.8638,6.4563,8.113,6.7505,0,0,7.2531,6.9347
0,1.9637,2.3062,0,0,0,0,0,3.0374,0,2.0038,0,3.2994,0,0,1.8215,1.361,0,0.50752,0,2.3357,1.7169,1.7681,3.8934,2.0774,3.0286,4.2069,3.2148,1.2856,2.3944,1.2352,0,0,1.5839,4.3625,3.9972,4.7135,3.9449,5.3668,5.4398,6.795,5.6662,4.6517,6.6872,8.4693,6.2154,6.3173,6.4707,3.6171,3.7086,7.8457,6.3697,7.6182,5.1365,7.963,3.321,7.871,5.6799,4.0744,6.3341,6.693,7.3973,8.076,8.1346,4.0681,7.8083,6.9347,9.071
