1,0.19709,0.41735,0.36151,0.10975,0.42629,0.47677,0.40886,0.22624,0.35353,0.23829,0.37041,0.19055,0.56985,0.17912,0.37035,0.48292,0.28044,0.48818,0.30403,0.46609,0.23216,0.46317,0.35404,0.094775,0.30179,0.47565,0.37041,0.62852,0.43981,0.19725,0.16558,0.31491,0.31761,0.58122,0.16249,0.29543,0.35292,0.10038,0.41504,0.36632,0.36684,0.20136,0.36601,0.18185,0.37211,0.15473,0.47718,0.19844,0.35933,0.25948,0.22784,0.33679,0.28437,0.45325,0.16498,0.42739,0.31991,0.064148,0.20747,0.37133,0.35933,0.55859,0.34754,0.16002,0.15284,0.2891,0.31172
0.19709,1,0.15585,0.32706,0.074253,0.25243,0.18999,0.21891,0.16158,0.27614,0.22342,0.32043,0.044534,0.13595,0.12612,0.30356,0.32787,0.034834,0.2294,0.34063,0.32312,0.37767,0.39502,0.29024,0.16452,0.36316,0.34869,0.37227,0.30165,0.4217,0.012486,0.035,0.31292,0.42585,0.24644,0.3927,0.18879,0.32869,0.070614,0.24818,0.21414,0.22527,0.1761,0.2715,0.20233,0.33172,0.029377,0.14279,0.14776,0.32588,0.34907,0.020896,0.2928,0.3379,0.30806,0.34316,0.37305,0.29711,0.15181,0.31352,0.36577,0.36087,0.29119,0.43348,0.00029998,0.024846,0.29712,0.4197
0.41735,0.15585,1,0.21402,0.12463,0.33352,0.75442,0.48269,0.36165,0.28392,0.35374,0.29217,0.24662,0.63099,0.23842,0.24937,0.46863,0.47112,0.45441,0.29742,0.30191,0.31039,0.34885,0.51153,0.17812,0.6318,0.65648,0.31966,0.35418,0.44668,0.22275,0.12314,0.26473,0.23249,0.28746,0.12632,0.57751,0.21804,0.099325,0.30253,0.56355,0.36279,0.30641,0.2768,0.26006,0.27626,0.21322,0.49272,0.22603,0.22924,0.21636,0.38151,0.26934,0.29258,0.30036,0.21501,0.26828,0.42519,0.11717,0.40654,0.46787,0.27363,0.3116,0.2678,0.20097,0.10007,0.25591,0.20609
0.36151,0.32706,0.21402,1,0.099213,0.54084,0.36748,0.32242,0.28106,0.56506,0.20006,0.80257,0.10938,0.25452,0.24226,0.4569,0.2984,0.066509,0.2207,0.76403,0.5284,0.3445,0.51903,0.48559,0.10526,0.3293,0.33577,0.68171,0.47077,0.4427,0.077103,0.084516,0.3783,0.41792,0.40215,0.29527,0.25229,0.87085,0.09926,0.54209,0.37715,0.3462,0.30646,0.57253,0.18565,0.81049,0.087168,0.26818,0.28764,0.47597,0.30225,0.063204,0.25296,0.73331,0.53221,0.31182,0.53697,0.50912,0.092216,0.30537,0.35213,0.66928,0.45147,0.48536,0.063728,0.079924,0.36152,0.43805
0.10975,0.074253,0.12463,0.099213,1,0.16206,0.15327,0.15448,0.099551,0.10887,0.11021,0.11298,0.081821,0.14915,0.11831,0.099517,0.096412,0.098914,0.10176,0.10578,0.12085,0.10051,0.12182,0.12879,0.07091,0.11757,0.14209,0.12201,0.13324,0.12848,0.046266,0.086503,0.099401,0.11276,0.096664,0.066619,0.10078,0.10203,0.062916,0.13548,0.12743,0.13071,0.091352,0.11129,0.086119,0.11153,0.071331,0.1289,0.0863,0.098194,0.068898,0.07827,0.085032,0.10623,0.1177,0.082723,0.11007,0.11996,0.050965,0.080854,0.11734,0.11422,0.12373,0.11137,0.047985,0.048802,0.09628,0.10754
0.42629,0.25243,0.33352,0.54084,0.16206,1,0.51046,0.53926,0.27983,0.62026,0.2375,0.61034,0.19175,0.40519,0.34922,0.40003,0.31224,0.19566,0.2836,0.50242,0.47253,0.29236,0.49244,0.45006,0.11352,0.32644,0.37923,0.6414,0.5035,0.45785,0.14046,0.14138,0.34511,0.37714,0.42922,0.2275,0.35975,0.5394,0.1435,0.72064,0.49766,0.50283,0.29291,0.61313,0.22084,0.59742,0.17222,0.40649,0.35723,0.40543,0.28813,0.17814,0.29326,0.49017,0.46729,0.2505,0.48793,0.46961,0.090497,0.29196,0.37197,0.62965,0.4706,0.45237,0.138,0.13812,0.31819,0.38121
0.47677,0.18999,0.75442,0.36748,0.15327,0.51046,1,0.5811,0.50693,0.43513,0.35219,0.44309,0.30611,0.73769,0.33807,0.32189,0.37787,0.42543,0.37369,0.41334,0.37782,0.41608,0.36875,0.73323,0.23244,0.59362,0.63136,0.50266,0.43709,0.52315,0.26751,0.15999,0.32119,0.28281,0.36756,0.16859,0.59563,0.36959,0.13375,0.47488,0.7723,0.48831,0.46588,0.42548,0.28157,0.43103,0.29103,0.63428,0.33719,0.30498,0.21302,0.37565,0.26814,0.40808,0.37169,0.33639,0.32038,0.66863,0.17495,0.44962,0.51371,0.4592,0.39316,0.36603,0.2699,0.14463,0.30382,0.27255
0.40886,0.21891,0.48269,0.32242,0.15448,0.53926,0.5811,1,0.22809,0.4136,0.30209,0.36866,0.15337,0.52238,0.22412,0.31072,0.38025,0.34268,0.37129,0.31963,0.38199,0.29756,0.45145,0.3572,0.077034,0.46736,0.42141,0.56323,0.40816,0.57475,0.12011,0.148,0.27478,0.33192,0.33557,0.18199,0.40948,0.32839,0.13585,0.47001,0.4854,0.56612,0.21255,0.40066,0.24281,0.36571,0.12507,0.4153,0.23317,0.30681,0.29561,0.26301,0.30548,0.31458,0.36357,0.23224,0.38906,0.33366,0.038904,0.32931,0.33528,0.51696,0.36149,0.45973,0.12053,0.11158,0.24959,0.31229
0.22624,0.16158,0.36165,0.28106,0.099551,0.27983,0.50693,0.22809,1,0.29416,0.20943,0.33956,0.30953,0.39722,0.27958,0.22886,0.12477,0.18595,0.13821,0.32418,0.26049,0.36114,0.19014,0.62913,0.28808,0.28273,0.41209,0.23922,0.27583,0.19667,0.20501,0.10422,0.25305,0.19868,0.20295,0.15643,0.26987,0.2798,0.090114,0.26654,0.42666,0.21317,0.48166,0.29173,0.16978,0.3102,0.30638,0.37274,0.25328,0.21697,0.042964,0.14519,0.099271,0.32371,0.26121,0.30867,0.18854,0.55901,0.24605,0.22749,0.35654,0.23147,0.26003,0.16841,0.20091,0.10742,0.24819,0.19702
0.35353,0.27614,0.28392,0.56506,0.10887,0.62026,0.43513,0.4136,0.29416,1,0.23259,0.58899,0.15117,0.33277,0.22009,0.38309,0.28332,0.16974,0.25763,0.57853,0.43494,0.33965,0.43485,0.42179,0.13977,0.35934,0.34875,0.59998,0.43131,0.3959,0.12791,0.097434,0.35631,0.36635,0.36667,0.25823,0.32475,0.58484,0.11423,0.59101,0.46228,0.438,0.30456,0.90216,0.24104,0.58962,0.14494,0.35979,0.25458,0.3834,0.30047,0.19607,0.31706,0.59368,0.44019,0.32195,0.45223,0.4518,0.13027,0.371,0.38198,0.60578,0.40847,0.43521,0.13402,0.0993,0.33539,0.38415
0.23829,0.22342,0.35374,0.20006,0.11021,0.2375,0.35219,0.30209,0.20943,0.23259,1,0.23304,0.21753,0.32885,0.14525,0.19983,0.3686,0.32366,0.377,0.25226,0.21393,0.289,0.26343,0.29037,0.19006,0.41873,0.40337,0.24068,0.27442,0.3479,0.12374,0.091429,0.24072,0.30549,0.21201,0.20579,0.26046,0.20603,0.082697,0.21721,0.27189,0.23822,0.18013,0.2279,0.28777,0.22927,0.12883,0.25393,0.14071,0.19598,0.25979,0.22512,0.3117,0.25087,0.21086,0.23521,0.22209,0.25053,0.1479,0.28054,0.32751,0.21559,0.24182,0.26771,0.10219,0.057202,0.23333,0.26616
0.37041,0.32043,0.29217,0.80257,0.11298,0.61034,0.44309,0.36866,0.33956,0.58899,0.23304,1,0.14633,0.3109,0.31048,0.44337,0.31485,0.11729,0.24763,0.79134,0.51331,0.35257,0.51026,0.52678,0.13145,0.36314,0.38288,0.67674,0.47314,0.45827,0.10219,0.095404,0.39699,0.42167,0.40268,0.29371,0.33165,0.79304,0.11344,0.59245,0.45374,0.38746,0.34439,0.5866,0.22048,0.83665,0.13125,0.32585,0.34131,0.45767,0.30394,0.12091,0.27792,0.76413,0.5151,0.31661,0.51546,0.54886,0.11296,0.3391,0.39814,0.65943,0.45119,0.48441,0.098093,0.094046,0.3799,0.43573
0.19055,0.044534,0.24662,0.10938,0.081821,0.19175,0.30611,0.15337,0.30953,0.15117,0.21753,0.14633,1,0.34672,0.18639,0.15563,0.070448,0.24378,0.14181,0.12511,0.19299,0.12341,0.12147,0.319,0.29372,0.07182,0.34693,0.070177,0.22518,0.040492,0.23972,0.12486,0.1361,0.084259,0.1444,0.022554,0.085532,0.1048,0.075821,0.18778,0.1743,0.11503,0.25898,0.16319,0.08828,0.13452,0.36067,0.26806,0.16339,0.14017,-0.075426,0.11541,0.015803,0.12067,0.20114,0.065984,0.12442,0.24809,0.1897,-0.038698,0.19939,0.068421,0.20685,0.005411,0.18495,0.12993,0.13757,0.076945
0.56985,0.13595,0.63099,0.25452,0.14915,0.40519,0.73769,0.52238,0.39722,0.33277,0.32885,0.3109,0.34672,1,0.2476,0.28836,0.39794,0.51624,0.4677,0.27766,0.36666,0.29909,0.32978,0.5162,0.22654,0.40862,0.63313,0.30652,0.49394,0.42691,0.33727,0.23395,0.27864,0.24572,0.39892,0.10143,0.39092,0.25418,0.12411,0.37854,0.52656,0.41766,0.32732,0.33888,0.22791,0.30057,0.30488,0.66039,0.23399,0.27138,0.12927,0.40737,0.26434,0.26805,0.3586,0.21427,0.29192,0.43271,0.15079,0.23522,0.45945,0.28531,0.41306,0.27147,0.28317,0.19588,0.26065,0.22141
0.17912,0.12612,0.23842,0.24226,0.11831,0.34922,0.33807,0.22412,0.27958,0.22009,0.14525,0.31048,0.18639,0.2476,1,0.20771,0.12351,0.11863,0.11759,0.25769,0.22462,0.18545,0.2062,0.37883,0.14424,0.1851,0.26323,0.25982,0.24865,0.19586,0.10415,0.087301,0.19373,0.18772,0.18885,0.1221,0.23537,0.24179,0.089664,0.30538,0.31597,0.21341,0.26868,0.21982,0.13261,0.28747,0.18387,0.25167,0.2918,0.20244,0.090414,0.10062,0.11566,0.25226,0.2245,0.15781,0.19961,0.36886,0.12582,0.1553,0.24472,0.2475,0.23671,0.17867,0.10505,0.093946,0.18421,0.18282
0.37035,0.30356,0.24937,0.4569,0.099517,0.40003,0.32189,0.31072,0.22886,0.38309,0.19983,0.44337,0.15563,0.28836,0.20771,1,0.3047,0.13031,0.24531,0.38105,0.67379,0.34579,0.66015,0.38236,0.11722,0.29646,0.43418,0.51902,0.5026,0.4778,0.096805,0.09138,0.39488,0.45119,0.38033,0.25158,0.25311,0.44869,0.1035,0.40468,0.31051,0.32324,0.24011,0.38823,0.17563,0.45364,0.12995,0.28953,0.24014,0.67113,0.26739,0.11395,0.24027,0.36652,0.66383,0.28029,0.65037,0.38413,0.093878,0.24882,0.40385,0.51541,0.49331,0.4956,0.085126,0.094867,0.38157,0.46297
0.48292,0.32787,0.46863,0.2984,0.096412,0.31224,0.37787,0.38025,0.12477,0.28332,0.3686,0.31485,0.070448,0.39794,0.12351,0.3047,1,0.30584,0.64162,0.32607,0.35036,0.30576,0.5036,0.25761,0.075181,0.5309,0.52479,0.37193,0.44619,0.56727,0.10315,0.091767,0.3152,0.44227,0.39831,0.28991,0.34224,0.29603,0.074005,0.29046,0.28775,0.30882,0.10455,0.2811,0.27726,0.31593,0.025878,0.29186,0.13726,0.31363,0.48716,0.2235,0.50261,0.31121,0.33803,0.23305,0.41695,0.2256,0.048485,0.34837,0.42408,0.34471,0.39034,0.44994,0.065651,0.059209,0.29861,0.39551
0.28044,0.034834,0.47112,0.066509,0.098914,0.19566,0.42543,0.34268,0.18595,0.16974,0.32366,0.11729,0.24378,0.51624,0.11863,0.13031,0.30584,1,0.43426,0.11297,0.15689,0.15191,0.15911,0.17971,0.11388,0.30891,0.42639,0.091145,0.22233,0.22623,0.20493,0.13286,0.13591,0.11505,0.17228,0.0054402,0.20593,0.073943,0.072982,0.17627,0.22232,0.2177,0.11496,0.1774,0.18607,0.11123,0.18455,0.32658,0.097615,0.11563,0.071619,0.40239,0.19949,0.10921,0.16838,0.066759,0.12377,0.10019,0.046409,0.090627,0.22242,0.069371,0.1843,0.08929,0.15821,0.10089,0.13463,0.088289
0.48818,0.2294,0.45441,0.2207,0.10176,0.2836,0.37369,0.37129,0.13821,0.25763,0.377,0.24763,0.14181,0.4677,0.11759,0.24531,0.64162,0.43426,1,0.2572,0.28467,0.23743,0.37246,0.21428,0.086403,0.4169,0.51115,0.2589,0.40295,0.43397,0.17427,0.12997,0.25536,0.32932,0.36866,0.19498,0.25947,0.22164,0.075004,0.26158,0.22888,0.27666,0.096734,0.2649,0.25174,0.25031,0.083075,0.32135,0.11626,0.24796,0.34383,0.29045,0.48285,0.24721,0.28236,0.15306,0.3131,0.1589,0.046263,0.20626,0.34991,0.23932,0.34496,0.30045,0.11715,0.086358,0.2461,0.28881
0.30403,0.34063,0.29742,0.76403,0.10578,0.50242,0.41334,0.31963,0.32418,0.57853,0.25226,0.79134,0.12511,0.27766,0.25769,0.38105,0.32607,0.11297,0.2572,1,0.43789,0.37713,0.45286,0.51471,0.15617,0.39359,0.3841,0.58983,0.40096,0.43447,0.084816,0.0769,0.40969,0.41049,0.33827,0.3199,0.33592,0.75692,0.10053,0.48991,0.43062,0.33434,0.34589,0.56296,0.24656,0.7774,0.12387,0.29284,0.29103,0.39471,0.31971,0.12891,0.29966,0.86382,0.43753,0.34673,0.44497,0.53265,0.14288,0.37128,0.41065,0.57214,0.3793,0.45071,0.091494,0.071767,0.39749,0.41963
0.46609,0.32312,0.30191,0.5284,0.12085,0.47253,0.37782,0.38199,0.26049,0.43494,0.21393,0.51331,0.19299,0.36666,0.22462,0.67379,0.35036,0.15689,0.28467,0.43789,1,0.33526,0.81625,0.4055,0.11949,0.32114,0.49248,0.60697,0.6202,0.57136,0.12631,0.12393,0.4711,0.53601,0.45712,0.25944,0.28508,0.51737,0.12439,0.47141,0.34816,0.38232,0.2671,0.4438,0.18936,0.52227,0.16297,0.35293,0.26077,0.65188,0.2761,0.13705,0.24766,0.41489,0.86641,0.27605,0.76905,0.40786,0.088112,0.25368,0.44268,0.58417,0.58916,0.58192,0.11746,0.12197,0.44678,0.53119
0.23216,0.37767,0.31039,0.3445,0.10051,0.29236,0.41608,0.29756,0.36114,0.33965,0.289,0.35257,0.12341,0.29909,0.18545,0.34579,0.30576,0.15191,0.23743,0.37713,0.33526,1,0.36093,0.50428,0.23032,0.4664,0.42183,0.39072,0.32525,0.46151,0.08152,0.063328,0.34809,0.40197,0.26114,0.3455,0.29138,0.35047,0.097415,0.28599,0.3945,0.28668,0.34452,0.33211,0.2524,0.3594,0.12158,0.2932,0.19867,0.34228,0.30527,0.13352,0.29221,0.37891,0.32342,0.48933,0.33982,0.48683,0.21304,0.40393,0.43039,0.37774,0.31874,0.43177,0.085299,0.054456,0.33621,0.39736
0.46317,0.39502,0.34885,0.51903,0.12182,0.49244,0.36875,0.45145,0.19014,0.43485,0.26343,0.51026,0.12147,0.32978,0.2062,0.66015,0.5036,0.15911,0.37246,0.45286,0.81625,0.36093,1,0.35437,0.073701,0.43665,0.52988,0.6735,0.60347,0.68986,0.077646,0.098041,0.46159,0.59201,0.46292,0.32733,0.3463,0.51046,0.11733,0.47839,0.34741,0.42192,0.20057,0.43339,0.22889,0.51932,0.085411,0.30005,0.24806,0.65036,0.43781,0.1277,0.35637,0.43017,0.76318,0.29896,0.83046,0.36217,0.051925,0.33392,0.48831,0.64177,0.56717,0.67493,0.067904,0.090793,0.43676,0.57786
0.35404,0.29024,0.51153,0.48559,0.12879,0.45006,0.73323,0.3572,0.62913,0.42179,0.29037,0.52678,0.319,0.5162,0.37883,0.38236,0.25761,0.17971,0.21428,0.51471,0.4055,0.50428,0.35437,1,0.33129,0.4868,0.5658,0.4812,0.42547,0.41687,0.2385,0.12461,0.37523,0.34609,0.34636,0.27672,0.45155,0.47566,0.12233,0.43324,0.66117,0.35075,0.59378,0.41926,0.24713,0.51317,0.32478,0.51076,0.37616,0.37674,0.18251,0.15984,0.21335,0.5092,0.40281,0.45326,0.34343,0.8434,0.28926,0.41741,0.53346,0.46464,0.40705,0.36915,0.23656,0.12683,0.36291,0.34824
0.094775,0.16452,0.17812,0.10526,0.07091,0.11352,0.23244,0.077034,0.28808,0.13977,0.19006,0.13145,0.29372,0.22654,0.14424,0.11722,0.075181,0.11388,0.086403,0.15617,0.11949,0.23032,0.073701,0.33129,1,0.17782,0.3386,0.056139,0.16127,0.07387,0.13013,0.073795,0.16448,0.13764,0.093515,0.16457,0.11238,0.10572,0.059528,0.11476,0.18785,0.084842,0.25836,0.14583,0.15455,0.12177,0.25524,0.20712,0.12682,0.11069,0.016856,0.07065,0.071085,0.15822,0.11729,0.20554,0.074587,0.28809,0.32039,0.13127,0.28648,0.058437,0.14687,0.061804,0.11568,0.080922,0.16461,0.13063
0.30179,0.36316,0.6318,0.3293,0.11757,0.32644,0.59362,0.46736,0.28273,0.35934,0.41873,0.36314,0.07182,0.40862,0.1851,0.29646,0.5309,0.30891,0.4169,0.39359,0.32114,0.4664,0.43665,0.4868,0.17782,1,0.58305,0.47233,0.34107,0.6264,0.094907,0.049357,0.3296,0.416,0.27728,0.33679,0.52514,0.33678,0.095735,0.29589,0.52584,0.37919,0.26525,0.33985,0.32241,0.35926,0.051843,0.33625,0.18496,0.29985,0.42837,0.24747,0.38019,0.39129,0.30654,0.40724,0.35255,0.44556,0.14007,0.66833,0.51264,0.41721,0.30362,0.49702,0.077434,0.019956,0.31368,0.37808
0.47565,0.34869,0.65648,0.33577,0.14209,0.37923,0.63136,0.42141,0.41209,0.34875,0.40337,0.38288,0.34693,0.63313,0.26323,0.43418,0.52479,0.42639,0.51115,0.3841,0.49248,0.42183,0.52988,0.5658,0.3386,0.58305,1,0.39261,0.4862,0.51109,0.27791,0.16682,0.37804,0.39371,0.38622,0.284,0.41086,0.33339,0.11716,0.3713,0.443,0.35362,0.34861,0.3626,0.27098,0.37875,0.28249,0.48684,0.25686,0.41687,0.25865,0.27508,0.3294,0.37344,0.48352,0.30599,0.47759,0.46706,0.24312,0.34116,0.65173,0.3673,0.45218,0.38873,0.19678,0.14528,0.37067,0.37773
0.37041,0.37227,0.31966,0.68171,0.12201,0.6414,0.50266,0.56323,0.23922,0.59998,0.24068,0.67674,0.070177,0.30652,0.25982,0.51902,0.37193,0.091145,0.2589,0.58983,0.60697,0.39072,0.6735,0.4812,0.056139,0.47233,0.39261,1,0.47999,0.68998,0.056274,0.082994,0.38693,0.49029,0.40291,0.32508,0.40719,0.67891,0.12447,0.61972,0.51886,0.55343,0.27291,0.5926,0.22618,0.68306,0.053148,0.314,0.31058,0.53267,0.41147,0.093389,0.32846,0.57625,0.57458,0.34971,0.64197,0.51362,0.046605,0.41967,0.40577,0.90859,0.45801,0.69413,0.065893,0.075272,0.36109,0.49801
0.62852,0.30165,0.35418,0.47077,0.13324,0.5035,0.43709,0.40816,0.27583,0.43131,0.27442,0.47314,0.22518,0.49394,0.24865,0.5026,0.44619,0.22233,0.40295,0.40096,0.6202,0.32525,0.60347,0.42547,0.16127,0.34107,0.4862,0.47999,1,0.52258,0.17115,0.17586,0.53941,0.50027,0.58237,0.26695,0.31944,0.45935,0.12979,0.48884,0.39678,0.39775,0.27655,0.43426,0.24159,0.47549,0.19907,0.46066,0.27248,0.49759,0.33054,0.20161,0.35093,0.38217,0.59965,0.27963,0.57825,0.42178,0.13539,0.28338,0.45634,0.47346,0.74743,0.49492,0.15116,0.16195,0.47057,0.4837
0.43981,0.4217,0.44668,0.4427,0.12848,0.45785,0.52315,0.57475,0.19667,0.3959,0.3479,0.45827,0.040492,0.42691,0.19586,0.4778,0.56727,0.22623,0.43397,0.43447,0.57136,0.46151,0.68986,0.41687,0.07387,0.6264,0.51109,0.68998,0.52258,1,0.067456,0.076254,0.4357,0.58672,0.4312,0.37248,0.45558,0.44358,0.12101,0.42509,0.48631,0.50821,0.20387,0.37967,0.30728,0.46475,0.017992,0.3728,0.22402,0.49242,0.5428,0.21711,0.47945,0.42183,0.51944,0.40616,0.60547,0.41448,0.061227,0.50996,0.50952,0.63945,0.47986,0.78536,0.065362,0.064212,0.40341,0.56181
0.19725,0.012486,0.22275,0.077103,0.046266,0.14046,0.26751,0.12011,0.20501,0.12791,0.12374,0.10219,0.23972,0.33727,0.10415,0.096805,0.10315,0.20493,0.17427,0.084816,0.12631,0.08152,0.077646,0.2385,0.13013,0.094907,0.27791,0.056274,0.17115,0.067456,1,0.10114,0.092447,0.051502,0.13704,0.0039311,0.085105,0.076357,0.042874,0.13853,0.15574,0.10578,0.1612,0.13586,0.068515,0.096835,0.19792,0.25334,0.090129,0.089288,-0.029341,0.14265,0.069088,0.081294,0.1321,0.044634,0.082064,0.18492,0.089358,0.0088203,0.1764,0.060005,0.15048,0.025417,0.21954,0.10243,0.092624,0.049864
0.16558,0.035,0.12314,0.084516,0.086503,0.14138,0.15999,0.148,0.10422,0.097434,0.091429,0.095404,0.12486,0.23395,0.087301,0.09138,0.091767,0.13286,0.12997,0.0769,0.12393,0.063328,0.098041,0.12461,0.073795,0.049357,0.16682,0.082994,0.17586,0.076254,0.10114,1,0.077579,0.078302,0.13148,0.024782,0.06492,0.082993,0.049479,0.13522,0.11178,0.12706,0.090037,0.1038,0.048143,0.096048,0.1082,0.18898,0.082014,0.085526,0.013242,0.093356,0.05783,0.073773,0.12146,0.037424,0.097148,0.10706,0.056763,0.010563,0.12357,0.08362,0.14641,0.058242,0.087616,0.099489,0.073552,0.071793
0.31491,0.31292,0.26473,0.3783,0.099401,0.34511,0.32119,0.27478,0.25305,0.35631,0.24072,0.39699,0.1361,0.27864,0.19373,0.39488,0.3152,0.13591,0.25536,0.40969,0.4711,0.34809,0.46159,0.37523,0.16448,0.3296,0.37804,0.38693,0.53941,0.4357,0.092447,0.077579,1,0.46992,0.33749,0.29008,0.28314,0.37787,0.095704,0.33005,0.32583,0.27757,0.26247,0.34914,0.2355,0.39789,0.13733,0.28764,0.20975,0.39967,0.29872,0.15861,0.29282,0.40444,0.45567,0.32306,0.44248,0.38525,0.15584,0.31156,0.40351,0.37619,0.49084,0.43864,0.095616,0.077119,0.50154,0.44078
0.31761,0.42585,0.23249,0.41792,0.11276,0.37714,0.28281,0.33192,0.19868,0.36635,0.30549,0.42167,0.084259,0.24572,0.18772,0.45119,0.44227,0.11505,0.32932,0.41049,0.53601,0.40197,0.59201,0.34609,0.13764,0.416,0.39371,0.49029,0.50027,0.58672,0.051502,0.078302,0.46992,1,0.36064,0.38801,0.26854,0.41816,0.11067,0.36196,0.29975,0.32301,0.2115,0.35847,0.26863,0.4282,0.067106,0.24211,0.20669,0.46367,0.42931,0.10767,0.37887,0.40447,0.50594,0.37156,0.5446,0.36197,0.13417,0.35992,0.43023,0.47466,0.45903,0.58999,0.046723,0.063599,0.4188,0.57656
0.58122,0.24644,0.28746,0.40215,0.096664,0.42922,0.36756,0.33557,0.20295,0.36667,0.21201,0.40268,0.1444,0.39892,0.18885,0.38033,0.39831,0.17228,0.36866,0.33827,0.45712,0.26114,0.46292,0.34636,0.093515,0.27728,0.38622,0.40291,0.58237,0.4312,0.13704,0.13148,0.33749,0.36064,1,0.22898,0.32904,0.40072,0.10849,0.4535,0.41281,0.40912,0.20743,0.38696,0.21457,0.41259,0.13687,0.50366,0.2165,0.38408,0.38223,0.21083,0.43485,0.32866,0.47011,0.22829,0.47984,0.36918,0.08502,0.28361,0.43504,0.41101,0.63222,0.45483,0.13781,0.14424,0.33137,0.39126
0.16249,0.3927,0.12632,0.29527,0.066619,0.2275,0.16859,0.18199,0.15643,0.25823,0.20579,0.29371,0.022554,0.10143,0.1221,0.25158,0.28991,0.0054402,0.19498,0.3199,0.25944,0.3455,0.32733,0.27672,0.16457,0.33679,0.284,0.32508,0.26695,0.37248,0.0039311,0.024782,0.29008,0.38801,0.22898,1,0.21043,0.2997,0.070905,0.22423,0.23027,0.21442,0.17938,0.25027,0.22361,0.30282,0.033309,0.14716,0.14042,0.28081,0.36306,0.042959,0.31127,0.32046,0.25483,0.36427,0.32503,0.30111,0.18781,0.35454,0.39616,0.32706,0.26724,0.41176,-2.8092e-06,0.022738,0.28445,0.39721
0.29543,0.18879,0.57751,0.25229,0.10078,0.35975,0.59563,0.40948,0.26987,0.32475,0.26046,0.33165,0.085532,0.39092,0.23537,0.25311,0.34224,0.20593,0.25947,0.33592,0.28508,0.29138,0.3463,0.45155,0.11238,0.52514,0.41086,0.40719,0.31944,0.45558,0.085105,0.06492,0.28314,0.26854,0.32904,0.21043,1,0.26245,0.1148,0.34922,0.76873,0.46626,0.3189,0.29638,0.36966,0.32226,0.15491,0.56417,0.26927,0.24508,0.44662,0.45522,0.41897,0.33993,0.29162,0.31448,0.33442,0.5305,0.13737,0.68484,0.60923,0.40054,0.33039,0.45509,0.19501,0.086305,0.27686,0.29078
0.35292,0.32869,0.21804,0.87085,0.10203,0.5394,0.36959,0.32839,0.2798,0.58484,0.20603,0.79304,0.1048,0.25418,0.24179,0.44869,0.29603,0.073943,0.22164,0.75692,0.51737,0.35047,0.51046,0.47566,0.10572,0.33678,0.33339,0.67891,0.45935,0.44358,0.076357,0.082993,0.37787,0.41816,0.40072,0.2997,0.26245,1,0.10448,0.54848,0.39255,0.36063,0.31346,0.60127,0.1959,0.81906,0.089174,0.27766,0.28944,0.47095,0.30759,0.072808,0.26167,0.76755,0.52752,0.32306,0.53048,0.51867,0.094474,0.32087,0.35742,0.68078,0.44917,0.48941,0.066389,0.079514,0.36619,0.4421
0.10038,0.070614,0.099325,0.09926,0.062916,0.1435,0.13375,0.13585,0.090114,0.11423,0.082697,0.11344,0.075821,0.12411,0.089664,0.1035,0.074005,0.072982,0.075004,0.10053,0.12439,0.097415,0.11733,0.12233,0.059528,0.095735,0.11716,0.12447,0.12979,0.12101,0.042874,0.049479,0.095704,0.11067,0.10849,0.070905,0.1148,0.10448,1,0.16365,0.14432,0.15393,0.098991,0.1149,0.10253,0.11198,0.083446,0.14796,0.11813,0.10398,0.079786,0.090439,0.093231,0.10011,0.12751,0.088526,0.1208,0.12756,0.053,0.10535,0.13224,0.12424,0.13775,0.12348,0.056612,0.11465,0.099294,0.11826
0.41504,0.24818,0.30253,0.54209,0.13548,0.72064,0.47488,0.47001,0.26654,0.59101,0.21721,0.59245,0.18778,0.37854,0.30538,0.40468,0.29046,0.17627,0.26158,0.48991,0.47141,0.28599,0.47839,0.43324,0.11476,0.29589,0.3713,0.61972,0.48884,0.42509,0.13853,0.13522,0.33005,0.36196,0.4535,0.22423,0.34922,0.54848,0.16365,1,0.49678,0.5431,0.28811,0.63394,0.21635,0.61392,0.17478,0.42394,0.38881,0.41128,0.2873,0.17596,0.29203,0.48663,0.48201,0.24591,0.50101,0.46405,0.090463,0.28282,0.37238,0.63876,0.49543,0.45625,0.13945,0.15201,0.31967,0.38818
0.36632,0.21414,0.56355,0.37715,0.12743,0.49766,0.7723,0.4854,0.42666,0.46228,0.27189,0.45374,0.1743,0.52656,0.31597,0.31051,0.28775,0.22232,0.22888,0.43062,0.34816,0.3945,0.34741,0.66117,0.18785,0.52584,0.443,0.51886,0.39678,0.48631,0.15574,0.11178,0.32583,0.29975,0.41281,0.23027,0.76873,0.39255,0.14432,0.49678,1,0.56967,0.47792,0.45089,0.36711,0.44923,0.24658,0.71434,0.3554,0.3046,0.37374,0.4456,0.3784,0.43993,0.35597,0.41641,0.34331,0.74791,0.20283,0.67733,0.62519,0.53162,0.40817,0.49664,0.26876,0.13602,0.31702,0.3251
0.36684,0.22527,0.36279,0.3462,0.13071,0.50283,0.48831,0.56612,0.21317,0.438,0.23822,0.38746,0.11503,0.41766,0.21341,0.32324,0.30882,0.2177,0.27666,0.33434,0.38232,0.28668,0.42192,0.35075,0.084842,0.37919,0.35362,0.55343,0.39775,0.50821,0.10578,0.12706,0.27757,0.32301,0.40912,0.21442,0.46626,0.36063,0.15393,0.5431,0.56967,1,0.23697,0.44926,0.28055,0.39468,0.13094,0.52916,0.25833,0.33273,0.36717,0.30078,0.36709,0.33497,0.39326,0.27259,0.43288,0.38952,0.080492,0.42203,0.41663,0.57209,0.41897,0.53759,0.14548,0.14735,0.26803,0.35654
0.20136,0.1761,0.30641,0.30646,0.091352,0.29291,0.46588,0.21255,0.48166,0.30456,0.18013,0.34439,0.25898,0.32732,0.26868,0.24011,0.10455,0.11496,0.096734,0.34589,0.2671,0.34452,0.20057,0.59378,0.25836,0.26525,0.34861,0.27291,0.27655,0.20387,0.1612,0.090037,0.26247,0.2115,0.20743,0.17938,0.3189,0.31346,0.098991,0.28811,0.47792,0.23697,1,0.29832,0.19117,0.35485,0.29528,0.3796,0.29233,0.23575,0.084342,0.15049,0.11825,0.35016,0.2678,0.35159,0.20486,0.61705,0.24413,0.28873,0.37964,0.27527,0.27173,0.2066,0.19415,0.10305,0.2608,0.22178
0.36601,0.2715,0.2768,0.57253,0.11129,0.61313,0.42548,0.40066,0.29173,0.90216,0.2279,0.5866,0.16319,0.33888,0.21982,0.38823,0.2811,0.1774,0.2649,0.56296,0.4438,0.33211,0.43339,0.41926,0.14583,0.33985,0.3626,0.5926,0.43426,0.37967,0.13586,0.1038,0.34914,0.35847,0.38696,0.25027,0.29638,0.60127,0.1149,0.63394,0.45089,0.44926,0.29832,1,0.22726,0.60972,0.14795,0.36598,0.25564,0.39329,0.28408,0.18018,0.3023,0.60115,0.4622,0.30719,0.47089,0.44255,0.12804,0.33953,0.37011,0.62398,0.43062,0.43557,0.13378,0.10247,0.33728,0.38515
0.18185,0.20233,0.26006,0.18565,0.086119,0.22084,0.28157,0.24281,0.16978,0.24104,0.28777,0.22048,0.08828,0.22791,0.13261,0.17563,0.27726,0.18607,0.25174,0.24656,0.18936,0.2524,0.22889,0.24713,0.15455,0.32241,0.27098,0.22618,0.24159,0.30728,0.068515,0.048143,0.2355,0.26863,0.21457,0.22361,0.36966,0.1959,0.10253,0.21635,0.36711,0.28055,0.19117,0.22726,1,0.22065,0.19234,0.32654,0.14528,0.18147,0.35113,0.36721,0.40683,0.24911,0.19516,0.27182,0.2274,0.28251,0.16954,0.42933,0.40193,0.22685,0.25161,0.32169,0.14508,0.07413,0.23455,0.30354
0.37211,0.33172,0.27626,0.81049,0.11153,0.59742,0.43103,0.36571,0.3102,0.58962,0.22927,0.83665,0.13452,0.30057,0.28747,0.45364,0.31593,0.11123,0.25031,0.7774,0.52227,0.3594,0.51932,0.51317,0.12177,0.35926,0.37875,0.68306,0.47549,0.46475,0.096835,0.096048,0.39789,0.4282,0.41259,0.30282,0.32226,0.81906,0.11198,0.61392,0.44923,0.39468,0.35485,0.60972,0.22065,1,0.12118,0.32303,0.35299,0.4711,0.31667,0.11434,0.28242,0.7873,0.53018,0.32457,0.53208,0.55338,0.10718,0.33783,0.39722,0.68522,0.46426,0.50076,0.093321,0.093907,0.38802,0.45013
0.15473,0.029377,0.21322,0.087168,0.071331,0.17222,0.29103,0.12507,0.30638,0.14494,0.12883,0.13125,0.36067,0.30488,0.18387,0.12995,0.025878,0.18455,0.083075,0.12387,0.16297,0.12158,0.085411,0.32478,0.25524,0.051843,0.28249,0.053148,0.19907,0.017992,0.19792,0.1082,0.13733,0.067106,0.13687,0.033309,0.15491,0.089174,0.083446,0.17478,0.24658,0.13094,0.29528,0.14795,0.19234,0.12118,1,0.31534,0.17574,0.11404,-0.054168,0.16953,0.036516,0.12254,0.16774,0.1013,0.09127,0.30397,0.25956,0.047488,0.25708,0.0529,0.19524,0.0071192,0.2343,0.13991,0.13433,0.0727
0.47718,0.14279,0.49272,0.26818,0.1289,0.40649,0.63428,0.4153,0.37274,0.35979,0.25393,0.32585,0.26806,0.66039,0.25167,0.28953,0.29186,0.32658,0.32135,0.29284,0.35293,0.2932,0.30005,0.51076,0.20712,0.33625,0.48684,0.314,0.46066,0.3728,0.25334,0.18898,0.28764,0.24211,0.50366,0.14716,0.56417,0.27766,0.14796,0.42394,0.71434,0.52916,0.3796,0.36598,0.32654,0.32303,0.31534,1,0.27151,0.2785,0.27095,0.51146,0.38982,0.29398,0.36841,0.29092,0.3172,0.54329,0.2038,0.43999,0.59966,0.32336,0.502,0.36347,0.33136,0.22644,0.28682,0.27709
0.19844,0.14776,0.22603,0.28764,0.0863,0.35723,0.33719,0.23317,0.25328,0.25458,0.14071,0.34131,0.16339,0.23399,0.2918,0.24014,0.13726,0.097615,0.11626,0.29103,0.26077,0.19867,0.24806,0.37616,0.12682,0.18496,0.25686,0.31058,0.27248,0.22402,0.090129,0.082014,0.20975,0.20669,0.2165,0.14042,0.26927,0.28944,0.11813,0.38881,0.3554,0.25833,0.29233,0.25564,0.14528,0.35299,0.17574,0.27151,1,0.23655,0.12669,0.11073,0.13649,0.28728,0.26703,0.17203,0.24837,0.39881,0.11321,0.18709,0.26469,0.30945,0.27512,0.22765,0.10235,0.094881,0.20711,0.21885
0.35933,0.32588,0.22924,0.47597,0.098194,0.40543,0.30498,0.30681,0.21697,0.3834,0.19598,0.45767,0.14017,0.27138,0.20244,0.67113,0.31363,0.11563,0.24796,0.39471,0.65188,0.34228,0.65036,0.37674,0.11069,0.29985,0.41687,0.53267,0.49759,0.49242,0.089288,0.085526,0.39967,0.46367,0.38408,0.28081,0.24508,0.47095,0.10398,0.41128,0.3046,0.33273,0.23575,0.39329,0.18147,0.4711,0.11404,0.2785,0.23655,1,0.29524,0.098148,0.25891,0.38255,0.67521,0.32587,0.67766,0.39446,0.090318,0.26458,0.41772,0.54869,0.49521,0.53673,0.07934,0.09058,0.39093,0.48715
0.25948,0.34907,0.21636,0.30225,0.068898,0.28813,0.21302,0.29561,0.042964,0.30047,0.25979,0.30394,-0.075426,0.12927,0.090414,0.26739,0.48716,0.071619,0.34383,0.31971,0.2761,0.30527,0.43781,0.18251,0.016856,0.42837,0.25865,0.41147,0.33054,0.5428,-0.029341,0.013242,0.29872,0.42931,0.38223,0.36306,0.44662,0.30759,0.079786,0.2873,0.37374,0.36717,0.084342,0.28408,0.35113,0.31667,-0.054168,0.27095,0.12669,0.29524,1,0.23775,0.62691,0.32002,0.28009,0.32662,0.44758,0.25272,0.053519,0.5521,0.47833,0.4167,0.35633,0.61272,0.017855,0.019908,0.28986,0.47755
0.22784,0.020896,0.38151,0.063204,0.07827,0.17814,0.37565,0.26301,0.14519,0.19607,0.22512,0.12091,0.11541,0.40737,0.10062,0.11395,0.2235,0.40239,0.29045,0.12891,0.13705,0.13352,0.1277,0.15984,0.07065,0.24747,0.27508,0.093389,0.20161,0.21711,0.14265,0.093356,0.15861,0.10767,0.21083,0.042959,0.45522,0.072808,0.090439,0.17596,0.4456,0.30078,0.15049,0.18018,0.36721,0.11434,0.16953,0.51146,0.11073,0.098148,0.23775,1,0.38362,0.13295,0.15219,0.14698,0.12747,0.19331,0.088334,0.38662,0.40664,0.091268,0.20986,0.18217,0.25165,0.11467,0.15916,0.13186
0.33679,0.2928,0.26934,0.25296,0.085032,0.29326,0.26814,0.30548,0.099271,0.31706,0.3117,0.27792,0.015803,0.26434,0.11566,0.24027,0.50261,0.19949,0.48285,0.29966,0.24766,0.29221,0.35637,0.21335,0.071085,0.38019,0.3294,0.32846,0.35093,0.47945,0.069088,0.05783,0.29282,0.37887,0.43485,0.31127,0.41897,0.26167,0.093231,0.29203,0.3784,0.36709,0.11825,0.3023,0.40683,0.28242,0.036516,0.38982,0.13649,0.25891,0.62691,0.38362,1,0.30247,0.25548,0.29702,0.3585,0.26259,0.09386,0.47887,0.49971,0.32846,0.38079,0.49915,0.1178,0.07664,0.28793,0.41159
0.28437,0.3379,0.29258,0.73331,0.10623,0.49017,0.40808,0.31458,0.32371,0.59368,0.25087,0.76413,0.12067,0.26805,0.25226,0.36652,0.31121,0.10921,0.24721,0.86382,0.41489,0.37891,0.43017,0.5092,0.15822,0.39129,0.37344,0.57625,0.38217,0.42183,0.081294,0.073773,0.40444,0.40447,0.32866,0.32046,0.33993,0.76755,0.10011,0.48663,0.43993,0.33497,0.35016,0.60115,0.24911,0.7873,0.12254,0.29398,0.28728,0.38255,0.32002,0.13295,0.30247,1,0.42066,0.35443,0.42965,0.5407,0.14816,0.37969,0.4108,0.57247,0.37025,0.44817,0.092851,0.06755,0.39861,0.41675
0.45325,0.30806,0.30036,0.53221,0.1177,0.46729,0.37169,0.36357,0.26121,0.44019,0.21086,0.5151,0.20114,0.3586,0.2245,0.66383,0.33803,0.16838,0.28236,0.43753,0.86641,0.32342,0.76318,0.40281,0.11729,0.30654,0.48352,0.57458,0.59965,0.51944,0.1321,0.12146,0.45567,0.50594,0.47011,0.25483,0.29162,0.52752,0.12751,0.48201,0.35597,0.39326,0.2678,0.4622,0.19516,0.53018,0.16774,0.36841,0.26703,0.67521,0.28009,0.15219,0.25548,0.42066,1,0.27145,0.82348,0.40753,0.086679,0.25599,0.44875,0.59974,0.61072,0.59775,0.12442,0.12867,0.45719,0.54913
0.16498,0.34316,0.21501,0.31182,0.082723,0.2505,0.33639,0.23224,0.30867,0.32195,0.23521,0.31661,0.065984,0.21427,0.15781,0.28029,0.23305,0.066759,0.15306,0.34673,0.27605,0.48933,0.29896,0.45326,0.20554,0.40724,0.30599,0.34971,0.27963,0.40616,0.044634,0.037424,0.32306,0.37156,0.22829,0.36427,0.31448,0.32306,0.088526,0.24591,0.41641,0.27259,0.35159,0.30719,0.27182,0.32457,0.1013,0.29092,0.17203,0.32587,0.32662,0.14698,0.29702,0.35443,0.27145,1,0.30006,0.48945,0.22488,0.46864,0.4456,0.35463,0.2803,0.43568,0.087161,0.039221,0.31287,0.38348
0.42739,0.37305,0.26828,0.53697,0.11007,0.48793,0.32038,0.38906,0.18854,0.45223,0.22209,0.51546,0.12442,0.29192,0.19961,0.65037,0.41695,0.12377,0.3131,0.44497,0.76905,0.33982,0.83046,0.34343,0.074587,0.35255,0.47759,0.64197,0.57825,0.60547,0.082064,0.097148,0.44248,0.5446,0.47984,0.32503,0.33442,0.53048,0.1208,0.50101,0.34331,0.43288,0.20486,0.47089,0.2274,0.53208,0.09127,0.3172,0.24837,0.67766,0.44758,0.12747,0.3585,0.42965,0.82348,0.30006,1,0.36543,0.06248,0.33207,0.49882,0.67355,0.59204,0.70166,0.070664,0.10128,0.4379,0.59164
0.31991,0.29711,0.42519,0.50912,0.11996,0.46961,0.66863,0.33366,0.55901,0.4518,0.25053,0.54886,0.24809,0.43271,0.36886,0.38413,0.2256,0.10019,0.1589,0.53265,0.40786,0.48683,0.36217,0.8434,0.28809,0.44556,0.46706,0.51362,0.42178,0.41448,0.18492,0.10706,0.38525,0.36197,0.36918,0.30111,0.5305,0.51867,0.12756,0.46405,0.74791,0.38952,0.61705,0.44255,0.28251,0.55338,0.30397,0.54329,0.39881,0.39446,0.25272,0.19331,0.26259,0.5407,0.40753,0.48945,0.36543,1,0.28378,0.50992,0.57895,0.52097,0.42164,0.4265,0.24069,0.12443,0.374,0.37704
0.064148,0.15181,0.11717,0.092216,0.050965,0.090497,0.17495,0.038904,0.24605,0.13027,0.1479,0.11296,0.1897,0.15079,0.12582,0.093878,0.048485,0.046409,0.046263,0.14288,0.088112,0.21304,0.051925,0.28926,0.32039,0.14007,0.24312,0.046605,0.13539,0.061227,0.089358,0.056763,0.15584,0.13417,0.08502,0.18781,0.13737,0.094474,0.053,0.090463,0.20283,0.080492,0.24413,0.12804,0.16954,0.10718,0.25956,0.2038,0.11321,0.090318,0.053519,0.088334,0.09386,0.14816,0.086679,0.22488,0.06248,0.28378,1,0.18569,0.30315,0.050797,0.13799,0.078012,0.10438,0.068586,0.15442,0.13794
0.20747,0.31352,0.40654,0.30537,0.080854,0.29196,0.44962,0.32931,0.22749,0.371,0.28054,0.3391,-0.038698,0.23522,0.1553,0.24882,0.34837,0.090627,0.20626,0.37128,0.25368,0.40393,0.33392,0.41741,0.13127,0.66833,0.34116,0.41967,0.28338,0.50996,0.0088203,0.010563,0.31156,0.35992,0.28361,0.35454,0.68484,0.32087,0.10535,0.28282,0.67733,0.42203,0.28873,0.33953,0.42933,0.33783,0.047488,0.43999,0.18709,0.26458,0.5521,0.38662,0.47887,0.37969,0.25599,0.46864,0.33207,0.50992,0.18569,1,0.6233,0.42082,0.30318,0.5584,0.13136,0.027747,0.30484,0.39481
0.37133,0.36577,0.46787,0.35213,0.11734,0.37197,0.51371,0.33528,0.35654,0.38198,0.32751,0.39814,0.19939,0.45945,0.24472,0.40385,0.42408,0.22242,0.34991,0.41065,0.44268,0.43039,0.48831,0.53346,0.28648,0.51264,0.65173,0.40577,0.45634,0.50952,0.1764,0.12357,0.40351,0.43023,0.43504,0.39616,0.60923,0.35742,0.13224,0.37238,0.62519,0.41663,0.37964,0.37011,0.40193,0.39722,0.25708,0.59966,0.26469,0.41772,0.47833,0.40664,0.49971,0.4108,0.44875,0.4456,0.49882,0.57895,0.30315,0.6233,1,0.41226,0.46186,0.53392,0.23432,0.14467,0.39642,0.45684
0.35933,0.36087,0.27363,0.66928,0.11422,0.62965,0.4592,0.51696,0.23147,0.60578,0.21559,0.65943,0.068421,0.28531,0.2475,0.51541,0.34471,0.069371,0.23932,0.57214,0.58417,0.37774,0.64177,0.46464,0.058437,0.41721,0.3673,0.90859,0.47346,0.63945,0.060005,0.08362,0.37619,0.47466,0.41101,0.32706,0.40054,0.68078,0.12424,0.63876,0.53162,0.57209,0.27527,0.62398,0.22685,0.68522,0.0529,0.32336,0.30945,0.54869,0.4167,0.091268,0.32846,0.57247,0.59974,0.35463,0.67355,0.52097,0.050797,0.42082,0.41226,1,0.46996,0.72618,0.070183,0.078055,0.36333,0.50793
0.55859,0.29119,0.3116,0.45147,0.12373,0.4706,0.39316,0.36149,0.26003,0.40847,0.24182,0.45119,0.20685,0.41306,0.23671,0.49331,0.39034,0.1843,0.34496,0.3793,0.58916,0.31874,0.56717,0.40705,0.14687,0.30362,0.45218,0.45801,0.74743,0.47986,0.15048,0.14641,0.49084,0.45903,0.63222,0.26724,0.33039,0.44917,0.13775,0.49543,0.40817,0.41897,0.27173,0.43062,0.25161,0.46426,0.19524,0.502,0.27512,0.49521,0.35633,0.20986,0.38079,0.37025,0.61072,0.2803,0.59204,0.42164,0.13799,0.30318,0.46186,0.46996,1,0.51779,0.15221,0.17458,0.50744,0.51315
0.34754,0.43348,0.2678,0.48536,0.11137,0.45237,0.36603,0.45973,0.16841,0.43521,0.26771,0.48441,0.005411,0.27147,0.17867,0.4956,0.44994,0.08929,0.30045,0.45071,0.58192,0.43177,0.67493,0.36915,0.061804,0.49702,0.38873,0.69413,0.49492,0.78536,0.025417,0.058242,0.43864,0.58999,0.45483,0.41176,0.45509,0.48941,0.12348,0.45625,0.49664,0.53759,0.2066,0.43557,0.32169,0.50076,0.0071192,0.36347,0.22765,0.53673,0.61272,0.18217,0.49915,0.44817,0.59775,0.43568,0.70166,0.4265,0.078012,0.5584,0.53392,0.72618,0.51779,1,0.049515,0.060195,0.43296,0.63538
0.16002,0.00029998,0.20097,0.063728,0.047985,0.138,0.2699,0.12053,0.20091,0.13402,0.10219,0.098093,0.18495,0.28317,0.10505,0.085126,0.065651,0.15821,0.11715,0.091494,0.11746,0.085299,0.067904,0.23656,0.11568,0.077434,0.19678,0.065893,0.15116,0.065362,0.21954,0.087616,0.095616,0.046723,0.13781,-2.8092e-06,0.19501,0.066389,0.056612,0.13945,0.26876,0.14548,0.19415,0.13378,0.14508,0.093321,0.2343,0.33136,0.10235,0.07934,0.017855,0.25165,0.1178,0.092851,0.12442,0.087161,0.070664,0.24069,0.10438,0.13136,0.23432,0.070183,0.15221,0.049515,1,0.11337,0.10053,0.056937
0.15284,0.024846,0.10007,0.079924,0.048802,0.13812,0.14463,0.11158,0.10742,0.0993,0.057202,0.094046,0.12993,0.19588,0.093946,0.094867,0.059209,0.10089,0.086358,0.071767,0.12197,0.054456,0.090793,0.12683,0.080922,0.019956,0.14528,0.075272,0.16195,0.064212,0.10243,0.099489,0.077119,0.063599,0.14424,0.022738,0.086305,0.079514,0.11465,0.15201,0.13602,0.14735,0.10305,0.10247,0.07413,0.093907,0.13991,0.22644,0.094881,0.09058,0.019908,0.11467,0.07664,0.06755,0.12867,0.039221,0.10128,0.12443,0.068586,0.027747,0.14467,0.078055,0.17458,0.060195,0.11337,1,0.077619,0.07702
0.2891,0.29712,0.25591,0.36152,0.09628,0.31819,0.30382,0.24959,0.24819,0.33539,0.23333,0.3799,0.13757,0.26065,0.18421,0.38157,0.29861,0.13463,0.2461,0.39749,0.44678,0.33621,0.43676,0.36291,0.16461,0.31368,0.37067,0.36109,0.47057,0.40341,0.092624,0.073552,0.50154,0.4188,0.33137,0.28445,0.27686,0.36619,0.099294,0.31967,0.31702,0.26803,0.2608,0.33728,0.23455,0.38802,0.13433,0.28682,0.20711,0.39093,0.28986,0.15916,0.28793,0.39861,0.45719,0.31287,0.4379,0.374,0.15442,0.30484,0.39642,0.36333,0.50744,0.43296,0.10053,0.077619,1,0.4583
0.31172,0.4197,0.20609,0.43805,0.10754,0.38121,0.27255,0.31229,0.19702,0.38415,0.26616,0.43573,0.076945,0.22141,0.18282,0.46297,0.39551,0.088289,0.28881,0.41963,0.53119,0.39736,0.57786,0.34824,0.13063,0.37808,0.37773,0.49801,0.4837,0.56181,0.049864,0.071793,0.44078,0.57656,0.39126,0.39721,0.29078,0.4421,0.11826,0.38818,0.3251,0.35654,0.22178,0.38515,0.30354,0.45013,0.0727,0.27709,0.21885,0.48715,0.47755,0.13186,0.41159,0.41675,0.54913,0.38348,0.59164,0.37704,0.13794,0.39481,0.45684,0.50793,0.51315,0.63538,0.056937,0.07702,0.4583,1
