9.0325,0,4.5032,1.3869,0,3.2039,8.1139,5.7182,2.8404,3.9802,2.1161,1.7167,0,8.7256,0.93379,0,5.9935,0,2.8482,1.4953,3.8176,0.92866,5.5983,3.7765,0,3.6793,2.8597,5.0133,8.4953,7.8661,0,1.4778,3.2975,4.2633,0,0,0,0,0,0,0,0,2.0713,0,0,0,0,0,0,1.0266,0,0,0,0,0,1.095,0,2.5747,0,0,0,2.0639,0,0,0,0,0,0
0,7.4628,3.9939,0,0,0,1.3028,0.94704,6.5281,0,4.6767,0.66916,6.483,1.3669,2.8314,4.5295,5.1358,2.6794,4.0534,0,1.9122,7.2463,3.4805,7.0641,7.5213,5.8847,9.1656,3.0681,1.9788,1.2753,3.8744,1.7992,0,4.609,0,5.4268,4.2368,0,0,0,0,0,1.1758,0,2.6502,0,5.0086,0,0,2.3339,3.9149,1.1945,3.0759,0,0.38597,3.1795,2.7522,1.9174,3.9867,5.4302,7.1065,0.46774,0,0.65904,2.9615,0,0,1.906
4.5032,3.9939,10.335,0,0,3.7737,8.027,6.732,2.1115,4.0368,2.7119,0,0,6.929,0,2.8386,8.7723,3.4661,6.0467,0,7.1039,3.2315,9.6673,4.4073,0.6862,9.5804,9.8683,6.8964,4.3566,6.8228,0.69484,0,2.2891,5.7498,0,4.8461,7.2063,0,0,0,0,0,0.9348,0,0,0,0,0,0,3.1069,5.7137,0,3.2372,0,0.70006,3.6557,5.7845,0.79287,0.88179,5.8527,7.9362,0,0,0,0,0,0,2.3867
1.3869,0,0,9.9919,3.5985,5.4458,4.9004,4.3048,7.2317,8.6831,0,8.4251,1.2017,3.7034,5.8686,0,0,0,0,9.9386,0,0.78811,0,8.0403,0,0,0,9.3243,4.4299,1.0113,0,0.85063,1.4657,3.9115,0,0,0,3.0771,0,1.5119,2.5521,0,5.3995,2.338,0,4.5597,0,0,1.4282,0,0,0,0,3.9525,0,0,0,6.5278,0,0,0,3.859,0,0,0,0,0,0
0,0,0,3.5985,6.6332,6.2243,1.9525,2.9769,4.4695,3.2975,1.1857,4.881,1.2114,0.94642,6.5386,0,0,0,0,3.4245,0,1.4753,0,4.9322,0,0,0,3.6431,1.3702,0,0,5.3929,0,5.4592,0,0,0,0,0,0,0,0,1.0517,0,0,1.1572,0,0,0,0,0,0,0,0,0,0,0,0.99078,0,0,0,0,0,0,0,0,0,0
3.2039,0,3.7737,5.4458,6.2243,10.162,7.7833,8.9039,5.7939,9.5385,3.5113,9.0341,3.3298,6.5603,7.2403,0,2.3087,1.2676,0.5812,6.0628,3.1912,1.2616,3.9882,5.8421,0,2.0652,1.3301,7.35,5.7849,3.996,0,5.9364,2.3115,5.4513,0,0,0,0,0,0,0,0,4.3772,0,0,3.2261,0,0,1.071,0,0,0,0,2.27,0,1.0221,0,4.9887,0,0,0,2.8854,0,0,0,0,0,0
8.1139,1.3028,8.027,4.9004,1.9525,7.7833,10.972,8.6897,5.6646,9.4685,1.3845,5.3017,2.5817,9.4309,4.2992,1.8783,5.5694,0,1.9199,4.1307,6.9018,2.7442,7.6947,6.9784,0,5.5052,5.8368,10.487,7.9775,9.1993,0,2.3625,5.5147,6.5711,0,1.0686,0,0,0,0,3.4134,0,5.0578,0,0,2.677,0,0,0,1.7999,0,0,0,2.6073,1.1058,2.9357,0,6.3617,0,0,0,4.9754,0,1.8688,0,0,0,0
5.7182,0.94704,6.732,4.3048,2.9769,8.9039,8.6897,9.9767,5.6031,8.513,4.1919,7.0878,3.5008,9.2493,4.6052,0,6.1682,2.3367,2.1379,5.498,5.1698,2.0708,6.8443,6.1888,0.67663,4.4937,3.502,7.1302,6.3973,6.909,0.72074,5.8114,2.9931,5.4778,0,0,0,0,0,0,2.7164,0,4.9583,0,0,2.7216,0,0,0,0,0,0,0,0,0,2.0007,0,5.2681,0,0,0,3.312,0,0,0,0,0,0
2.8404,6.5281,2.1115,7.2317,4.4695,5.7939,5.6646,5.6031,8.4867,7.2424,2.9123,7.1687,4.856,4.9966,6.5767,3.2504,2.7731,0,0.74554,6.8167,2.2765,7.7937,2.9383,9.4417,6.4398,3.0877,7.6873,7.8027,5.4794,4.7699,1.4614,2.6681,3.3492,4.5882,1.7416,2.4577,0.99069,4.7443,0.85045,3.1154,4.5839,3.4907,6.0308,5.2829,0,4.3911,1.0641,3.0761,1.9177,3.6214,0,0,0,4.9776,2.7087,4.363,2.1143,6.8335,1.5322,0,2.7422,6.514,3.6901,3.807,0,0,1.8785,2.8202
3.9802,0,4.0368,8.6831,3.2975,9.5385,9.4685,8.513,7.2424,11.672,1.8472,9.168,2.8229,8.014,5.4584,0,2.0768,0,0,8.9412,2.7601,0.88662,3.3607,6.4795,0,2.3703,1.8748,9.4619,7.2902,3.3115,0,3.1446,2.8916,6.7347,0,0,0,0,0,0,2.6365,0,6.184,0,0,4.9212,0,0,1.7322,0,0,0,0,3.7234,0,0.94195,0,6.8069,0,0,0,3.6658,0,0,0,0,0,0
2.1161,4.6767,2.7119,0,1.1857,3.5113,1.3845,4.1919,2.9123,1.8472,9.6142,3.5845,7.2571,5.5135,1.7187,0.5169,5.8315,8.511,7.5361,1.3017,2.9129,4.1357,4.0756,1.397,5.0969,7.9174,6.138,1.2983,6.211,2.1578,5.5425,5.4772,0.9454,8.2752,0,3.4232,0.31783,0,0,0,0,0,0,0,4.1311,0,6.1168,0,0,0,0,2.2686,1.1479,0,0,1.3458,0,0,4.0401,4.7104,5.1942,0,0,0,4.6747,0,0,2.1781
1.7167,0.66916,0,8.4251,4.881,9.0341,5.3017,7.0878,7.1687,9.168,3.5845,10.79,3.567,6.5653,7.1604,0,0,0,0,9.3185,0,1.4297,0,7.2226,0,0,1.1989,7.5528,6.1988,1.064,0,4.3983,0.8119,6.2204,0,0,0,3.8734,0,2.4775,2.4082,0,4.8322,3.6219,0,4.7329,0,0,2.2389,0,0,0,0,4.6514,0,0,0,5.6125,0,0,0,4.4469,0,0,0,0,0,0
0,6.483,0,1.2017,1.2114,3.3298,2.5817,3.5008,4.856,2.8229,7.2571,3.567,8.5135,3.7835,2.0325,0.73559,0.74361,3.0602,1.7807,2.4615,0,5.9385,0.94227,3.4768,7.8394,5.0115,7.8837,2.5596,4.3354,1.5513,6.4,4.7654,0,6.1871,0,4.8993,0,0,0,0,0,0,1.3048,0,5.2125,0,7.5342,0,0,0,0,2.6605,1.2282,0,0,2.4486,0,0,5.8487,5.2906,6.4117,0,1.3269,0,5.7519,1.1503,0,3.3475
8.7256,1.3669,6.929,3.7034,0.94642,6.5603,9.4309,9.2493,4.9966,8.014,5.5135,6.5653,3.7835,10.055,3.3435,0.55739,7.1762,3.7129,3.6435,5.1142,5.5033,2.2458,7.3465,5.5493,1.0338,5.4361,4.1569,6.8487,8.8125,8.2778,1.5312,5.2551,3.663,6.1968,0,0,0,0,0,0,0,0,3.9998,0,0,0,0.62719,0,0,0,0,0,0,0,0,1.8266,0,3.6792,0,0,0,2.3894,0,0,0,0,0,0
0.93379,2.8314,0,5.8686,6.5386,7.2403,4.2992,4.6052,6.5767,5.4584,1.7187,7.1604,2.0325,3.3435,7.3543,0,0,0,0,5.4674,1.1781,3.7767,1.0207,7.0821,0.90823,0,3.3466,6.08,3.4995,1.9735,0,4.1781,1.5378,3.1094,0,0,0,1.937,0,1.1025,1.0034,0,3.0251,1.8273,0,2.032,0,0,0.87567,0.93884,0,0,0,2.4519,0,1.793,0,3.5704,0,0,0,2.4043,0,0,0,0,0,0
0,4.5295,2.8386,0,0,0,1.8783,0,3.2504,0,0.5169,0,0.73559,0.55739,0,9.4124,4.1823,0,1.9141,0,8.1574,8.1929,8.7471,7.6102,2.1105,2.9922,8.5234,6.847,1.4555,3.9501,0,0,0.82982,3.5579,0,2.9255,3.5086,0,0,0,0.59335,0,2.4355,0,0,0,0,0,0,8.0861,0.97432,0,0,0,6.0598,6.8453,7.7278,5.4882,0,0.62093,6.8773,4.4028,2.1827,4.5374,0,0,1.4888,2.1826
5.9935,5.1358,8.7723,0,0,2.3087,5.5694,6.1682,2.7731,2.0768,5.8315,0,0.74361,7.1762,0,4.1823,9.5535,6.0404,8.9748,0,6.7069,4.3393,9.0481,4.2892,1.2936,8.8586,8.9833,5.4249,7.3332,7.7242,0.90332,0.537,4.6507,8.2676,0,4.7179,5.8226,0,0,0,0,0,0.83709,0,0,0,0,0,0,1.64,4.5016,0,3.0294,0,0,3.241,3.1811,0,1.2519,5.6036,7.1055,0,0,0,0,0,0,1.4853
0,2.6794,3.4661,0,0,1.2676,0,2.3367,0,0,8.511,0,3.0602,3.7129,0,0,6.0404,8.1497,8.2988,0,2.0399,1.4853,3.7234,0,2.7419,8.1951,6.0067,0,4.3851,1.9144,3.6195,2.9377,0.91562,6.4633,0,1.7729,0,0,0,0,0,0,0,0,2.1516,0,3.9252,0,0,0,0,2.0414,1.3129,0,0,0,0,0,2.5214,4.7337,5.0165,0,0,0,3.4795,0,0,0
2.8482,4.0534,6.0467,0,0,0.5812,1.9199,2.1379,0.74554,0,7.5361,0,1.7807,3.6435,0,1.9141,8.9748,8.2988,9.4631,0,4.7812,2.4074,6.1784,0.72674,2.7585,9.0102,7.55,2.4001,5.1827,4.8425,2.4246,1.6084,2.446,7.7266,0,3.6245,3.0999,0,0,0,0,0,0,0,0.61502,0,2.1171,0,0,0,2.5444,1.6222,2.9861,0,0,1.1548,0,0,2.4975,5.717,6.0229,0,0,0,1.9633,0,0,0.58727
1.4953,0,0,9.9386,3.4245,6.0628,4.1307,5.498,6.8167,8.9412,1.3017,9.3185,2.4615,5.1142,5.4674,0,0,0,0,9.2158,0,0,0,6.6198,0,0,0,8.178,5.0814,0.53599,0,1.8845,0.84767,4.8875,0,0,0,3.5893,0,2.4569,3.3849,0,5.3093,3.6195,0,4.9613,0,0,1.9545,0,0,0,0,4.5648,0,0,0,6.6917,0,0,0,4.5673,0,0,0,0,0,0
3.8176,1.9122,7.1039,0,0,3.1912,6.9018,5.1698,2.2765,2.7601,2.9129,0,0,5.5033,1.1781,8.1574,6.7069,2.0399,4.7812,0,10.745,4.994,10.476,5.5402,0,5.0086,6.9343,9.0357,5.7572,9.5264,0,0,4.632,8.1902,0,1.0908,1.5992,0,0,0,1.2108,0,2.378,0,0,0,0,0,0,6.3919,0,0,0,0,5.3638,5.2091,4.9056,5.1852,0,0,3.7883,4.2728,2.5882,4.8089,0,0,1.8368,2.1832
0.92866,7.2463,3.2315,0.78811,1.4753,1.2616,2.7442,2.0708,7.7937,0.88662,4.1357,1.4297,5.9385,2.2458,3.7767,8.1929,4.3393,1.4853,2.4074,0,4.994,8.4672,5.8549,8.8394,6.6085,4.2234,8.6222,5.8307,2.7172,3.501,3.2197,0,1.0325,3.982,0.94591,3.9735,3.8554,0,0,0,2.1069,1.2777,3.4947,0,1.4434,0,3.6817,1.6923,0,5.8625,2.3701,0,0.75359,0,3.9626,5.9107,5.0492,5.1016,2.6196,2.5208,6.3034,4.3522,2.4365,3.3333,0.71404,0,0.95097,1.7813
5.5983,3.4805,9.6673,0,0,3.9882,7.6947,6.8443,2.9383,3.3607,4.0756,0,0.94227,7.3465,1.0207,8.7471,9.0481,3.7234,6.1784,0,10.476,5.8549,11.111,5.9816,0.15769,7.4519,9.6381,8.2356,6.4953,8.6986,0,0,4.5094,8.3682,0,3.6208,6.3136,0,0,0,0,0,2.1264,0,0,0,0,0,0,7.7373,2.8532,0,0,0,5.054,6.0879,8.2484,3.8566,0,2.2032,8.1292,2.2185,1.3583,3.0259,0,0,0.68085,2.0943
3.7765,7.0641,4.4073,8.0403,4.9322,5.8421,6.9784,6.1888,9.4417,6.4795,1.397,7.2226,3.4768,5.5493,7.0821,7.6102,4.2892,0,0.72674,6.6198,5.5402,8.8394,5.9816,10.409,6.1171,3.8767,8.617,9.0838,6.4346,6.2199,0,2.2834,4.7472,5.58,2.608,3.4065,1.1471,4.8675,0,3.3651,6.2451,4.1277,7.1714,5.0353,0,4.8667,0,2.9215,2.4943,6.6568,0,0,0,5.5924,5.4384,6.5828,4.468,8.7668,0,0,4.4969,8.052,4.3957,5.824,0,0,3.4245,3.7113
0,7.5213,0.6862,0,0,0,0,0.67663,6.4398,0,5.0969,0,7.8394,1.0338,0.90823,2.1105,1.2936,2.7419,2.7585,0,0,6.6085,0.15769,6.1171,8.2482,5.3994,8.6763,0.34959,1.7139,0,4.5069,2.0468,0,4.056,0,4.1821,0.83816,0,0,0,0,0,0.56913,0,3.5291,0,6.1041,0,0,0,1.2396,2.1715,2.3476,0,0,1.5658,0,0,5.1567,5.6003,6.6719,0,0,0,4.5757,0,0,2.1841
3.6793,5.8847,9.5804,0,0,2.0652,5.5052,4.4937,3.0877,2.3703,7.9174,0,5.0115,5.4361,0,2.9922,8.8586,8.1951,9.0102,0,5.0086,4.2234,7.4519,3.8767,5.3994,11.498,10.058,4.5358,5.2024,5.3156,6.3304,3.1704,1.6042,7.0826,0,6.0753,5.8497,0,0,0,0,0,0,0,4.3738,0,6.6361,0,0,0.59415,5.5896,4.5675,5.9058,0,0,2.7017,2.2392,0,5.7913,8.5386,8.9561,0,0,0,6.2993,0,0,2.9433
2.8597,9.1656,9.8683,0,0,1.3301,5.8368,3.502,7.6873,1.8748,6.138,1.1989,7.8837,4.1569,3.3466,8.5234,8.9833,6.0067,7.55,0,6.9343,8.6222,9.6381,8.617,8.6763,10.058,11.638,7.927,4.411,5.5058,7.1758,1.6272,2.322,7.59,0,7.7245,7.9789,0,0,0,0,0,2.5848,0,4.5074,0,7.2457,0,0,6.8226,6.8992,4.2315,6.0977,0,3.2073,6.7593,8.0008,3.6735,6.6675,8.7113,10.23,1.5771,0,1.2049,6.271,0,0,4.2633
5.0133,3.0681,6.8964,9.3243,3.6431,7.35,10.487,7.1302,7.8027,9.4619,1.2983,7.5528,2.5596,6.8487,6.08,6.847,5.4249,0,2.4001,8.178,9.0357,5.8307,8.2356,9.0838,0.34959,4.5358,7.927,11.226,7.8312,9.3095,0,0.96679,6.4898,7.4079,2,1.8198,0.52441,2.7192,0,2.3945,5.0288,0,6.9087,2.8289,0,4.7811,0,1.737,1.7302,5.8146,0,0,0,4.0041,4.929,5.6464,3.055,8.3758,0,0,2.7185,7.0918,3.5447,5.2373,0,0,2.9023,3.1486
8.4953,1.9788,4.3566,4.4299,1.3702,5.7849,7.9775,6.3973,5.4794,7.2902,6.211,6.1988,4.3354,8.8125,3.4995,1.4555,7.3332,4.3851,5.1827,5.0814,5.7572,2.7172,6.4953,6.4346,1.7139,5.2024,4.411,7.8312,10.458,8.841,2.2143,5.9945,8.3519,7.9929,0,0.76427,0,0,0,0,1.9804,0,4.398,0,0,0,1.6612,0,0,2.9033,0,0,0,0,2.4194,2.9305,0,4.4321,0,0,0.3858,3.6262,1.4973,2.3239,0,0,1.2851,1.453
7.8661,1.2753,6.8228,1.0113,0,3.996,9.1993,6.909,4.7699,3.3115,2.1578,1.064,1.5513,8.2778,1.9735,3.9501,7.7242,1.9144,4.8425,0.53599,9.5264,3.501,8.6986,6.2199,0,5.3156,5.5058,9.3095,8.841,10.633,0,1.5228,6.683,8.0119,1.1791,0.85941,0,0,0,0,2.5006,0,4.2362,0,0,0,0,0,0,5.0877,0,0,0,0,4.5699,4.1575,2.5356,5.9699,0,0,0.94439,5.2557,2.7059,4.1698,0,0,2.2105,2.512
0,3.8744,0.69484,0,0,0,0,0.72074,1.4614,0,5.5425,0,6.4,1.5312,0,0,0.90332,3.6195,2.4246,0,0,3.2197,0,0,4.5069,6.3304,7.1758,0,2.2143,0,5.8481,1.9399,0,3.5799,0,3.6294,0,0,0,0,0,0,0,0,3.9113,0,6.49,0,0,0,0,2.5501,1.3328,0,0,0,0,0,4.6592,5.4366,6.2505,0,0,0,5.357,0,0,1.2521
1.4778,1.7992,0,0.85063,5.3929,5.9364,2.3625,5.8114,2.6681,3.1446,5.4772,4.3983,4.7654,5.2551,4.1781,0,0.537,2.9377,1.6084,1.8845,0,0,0,2.2834,2.0468,3.1704,1.6272,0.96679,5.9945,1.5228,1.9399,6.4687,0,7.6875,0,0,0,0,0,0,0,0,0,0,0,0,1.2821,0,0,0,0,0,0,0,0,0,0,0,0,0,0,0,0,0,0,0,0,0
3.2975,0,2.2891,1.4657,0,2.3115,5.5147,2.9931,3.3492,2.8916,0.9454,0.8119,0,3.663,1.5378,0.82982,4.6507,0.91562,2.446,0.84767,4.632,1.0325,4.5094,4.7472,0,1.6042,2.322,6.4898,8.3519,6.683,0,0,7.8198,7.299,0,0,0,0,0,0,0,0,2.2439,0,0,0,0,0,0,2.1024,0,0,0,0,2.1714,1.5349,0.5241,3.4145,0,0,0,2.8186,1.4658,2.0333,0,0,0.94746,0
4.2633,4.609,5.7498,3.9115,5.4592,5.4513,6.5711,5.4778,4.5882,6.7347,8.2752,6.2204,6.1871,6.1968,3.1094,3.5579,8.2676,6.4633,7.7266,4.8875,8.1902,3.982,8.3682,5.58,4.056,7.0826,7.59,7.4079,7.9929,8.0119,3.5799,7.6875,7.299,9.3009,0,3.2472,3.6655,0,0,0,2.0666,0,3.6324,0,1.9544,0,3.2632,0,0,3.1753,2.4183,0,1.4996,0,2.7057,2.6601,3.1261,3.9825,2.2795,3.7568,5.407,3.0225,1.4939,2.5875,1.3991,0,0.86707,1.8893
0,0,0,0,0,0,0,0,1.7416,0,0,0,0,0,0,0,0,0,0,0,0,0.94591,0,2.608,0,0,0,2,0,1.1791,0,0,0,0,8.6686,1.1794,3.4117,1.8161,0,2.6594,8.1652,5.2529,3.4164,3.9781,2.1688,2.0799,0,8.448,0.75311,1.5648,4.6595,1.6155,3.4115,1.9573,3.4941,1.9501,3.9301,4.3904,0,3.9798,2.6358,5.5613,8.21,7.6627,0,1.1536,3.084,4.4834
0,5.4268,4.8461,0,0,0,1.0686,0,2.4577,0,3.4232,0,4.8993,0,0,2.9255,4.7179,1.7729,3.6245,0,1.0908,3.9735,3.6208,3.4065,4.1821,6.0753,7.7245,1.8198,0.76427,0.85941,3.6294,0,0,3.2472,1.1794,8.0991,4.3439,0,0,0,2.5558,1.4206,6.7768,0,4.1982,0.6343,5.913,2.1998,2.7223,5.0765,5.2717,2.4014,4.4186,0,2.5032,7.4831,4.5943,7.0091,7.6308,5.8266,9.3061,2.957,1.9939,2.868,3.2777,1.0059,0,4.0876
0,4.2368,7.2063,0,0,0,0,0,0.99069,0,0.31783,0,0,0,0,3.5086,5.8226,0,3.0999,0,1.5992,3.8554,6.3136,1.1471,0.83816,5.8497,7.9789,0.52441,0,0,0,0,0,3.6655,3.4117,4.3439,10.001,0,0,3.0118,8.3541,5.9936,1.9901,3.5026,2.3598,0,0,6.5395,0,3.5102,8.4927,3.3738,6.1413,0,6.612,3.3567,9.4705,4.43,0.88555,9.3067,9.7865,6.8983,3.1149,6.1358,0.66402,0,1.6133,4.6579
0,0,0,3.0771,0,0,0,0,4.7443,0,0,3.8734,0,0,1.937,0,0,0,0,3.5893,0,0,0,4.8675,0,0,0,2.7192,0,0,0,0,0,0,1.8161,0,0,10.235,2.6678,5.3775,4.331,4.3714,6.9504,8.8273,0,8.2266,0,4.044,5.061,0,0,0,0,10.108,0,0,0,8.388,0,0,0,9.2598,4.434,1.0339,0,0,1.2005,3.9043
0,0,0,0,0,0,0,0,0.85045,0,0,0,0,0,0,0,0,0,0,0,0,0,0,0,0,0,0,0,0,0,0,0,0,0,0,0,0,2.6678,6.5334,5.9066,1.8215,3.2399,4.2623,2.7021,1.4833,4.1689,0,1.5031,6.66,0,0,0,0,2.9688,0,1.373,0,5.1743,0,0,0,3.2919,0.87683,0,0,5.1427,0,5.9135
0,0,0,1.5119,0,0,0,0,3.1154,0,0,2.4775,0,0,1.1025,0,0,0,0,2.4569,0,0,0,3.3651,0,0,0,2.3945,0,0,0,0,0,0,2.6594,0,3.0118,5.3775,5.9066,10.143,7.78,8.7501,5.6673,9.6524,3.8598,8.828,0.95397,6.4608,7.281,0,0,0.88472,0,6.0939,2.4173,1.4152,2.897,6.0558,0,1.2342,0.7891,7.6741,5.5558,2.628,0,5.3159,1.65,5.3944
0,0,0,2.5521,0,0,3.4134,2.7164,4.5839,2.6365,0,2.4082,0,0,1.0034,0.59335,0,0,0,3.3849,1.2108,2.1069,0,6.2451,0,0,0,5.0288,1.9804,2.5006,0,0,0,2.0666,8.1652,2.5558,8.3541,4.331,1.8215,7.78,11.265,8.84,5.914,9.4961,2.7306,5.1684,0,9.6513,4.2532,2.6517,7.4171,1.8456,5.3442,4.2389,7.2886,3.4745,8.4025,6.9555,0,6.7046,6.3538,10.39,8.0727,9.4326,0,1.8239,5.2505,6.7424
0,0,0,0,0,0,0,0,3.4907,0,0,0,0,0,0,0,0,0,0,0,0,1.2777,0,4.1277,0,0,0,0,0,0,0,0,0,0,5.2529,1.4206,5.9936,4.3714,3.2399,8.7501,8.84,9.8067,5.4281,8.4834,4.6149,7.0993,2.0363,9.4011,5.2084,1.6858,4.2056,1.9177,1.187,5.7191,4.6098,2.5932,5.792,6.0985,0,3.9471,2.408,7.192,6.0663,6.1203,0.95428,5.6987,2.5302,5.6824
2.0713,1.1758,0.9348,5.3995,1.0517,4.3772,5.0578,4.9583,6.0308,6.184,0,4.8322,1.3048,3.9998,3.0251,2.4355,0.83709,0,0,5.3093,2.378,3.4947,2.1264,7.1714,0.56913,0,2.5848,6.9087,4.398,4.2362,0,0,2.2439,3.6324,3.4164,6.7768,1.9901,6.9504,4.2623,5.6673,5.914,5.4281,8.563,7.0686,2.0549,7.0107,3.4138,5.2863,6.2588,2.7187,2.782,0,1.1843,6.8883,1.8573,7.7168,2.6007,9.462,5.7073,2.5391,7.3761,7.9351,5.7808,5.094,0,1.8236,3.4675,4.6268
0,0,0,2.338,0,0,0,0,5.2829,0,0,3.6219,0,0,1.8273,0,0,0,0,3.6195,0,0,0,5.0353,0,0,0,2.8289,0,0,0,0,0,0,3.9781,0,3.5026,8.8273,2.7021,9.6524,9.4961,8.4834,7.0686,11.682,2.6617,9.3164,0,7.8901,5.2582,0,0,0,0,9.2517,1.9763,0.85205,2.9887,6.9235,0,0,2.0195,9.6814,7.2174,2.9194,0,2.1847,2.6592,6.6123
0,2.6502,0,0,0,0,0,0,0,0,4.1311,0,5.2125,0,0,0,0,2.1516,0.61502,0,0,1.4434,0,0,3.5291,4.3738,4.5074,0,0,0,3.9113,0,0,1.9544,2.1688,4.1982,2.3598,0,1.4833,3.8598,2.7306,4.6149,2.0549,2.6617,9.4053,4.014,7.4716,6.2037,2.3254,0.55464,5.18,8.3514,6.4907,2.0945,3.5904,2.6695,4.3845,1.3801,5.1767,7.5614,5.2758,1.5464,7.0653,3.9248,5.9824,5.6891,1.2349,8.5347
0,0,0,4.5597,1.1572,3.2261,2.677,2.7216,4.3911,4.9212,0,4.7329,0,0,2.032,0,0,0,0,4.9613,0,0,0,4.8667,0,0,0,4.7811,0,0,0,0,0,0,2.0799,0.6343,0,8.2266,4.1689,8.828,5.1684,7.0993,7.0107,9.3164,4.014,10.807,0.73264,6.9072,7.0928,0,0,0,0,9.6561,0,1.4799,0,7.7542,0,0,0.79654,7.6369,6.4501,1.203,0,3.5445,0.79359,6.2201
0,5.0086,0,0,0,0,0,0,1.0641,0,6.1168,0,7.5342,0.62719,0,0,0,3.9252,2.1171,0,0,3.6817,0,0,6.1041,6.6361,7.2457,0,1.6612,0,6.49,1.2821,0,3.2632,0,5.913,0,0,0,0.95397,0,2.0363,3.4138,0,7.4716,0.73264,8.8548,3.2384,0,0.20508,1.0039,3.0815,1.6998,0,0,4.3654,0,2.1578,7.8397,4.9995,8.0332,0,4.701,0,6.5812,4.0216,0,6.3447
0,0,0,0,0,0,0,0,3.0761,0,0,0,0,0,0,0,0,0,0,0,0,1.6923,0,2.9215,0,0,0,1.737,0,0,0,0,0,0,8.448,2.1998,6.5395,4.044,1.5031,6.4608,9.6513,9.4011,5.2863,7.8901,6.2037,6.9072,3.2384,10.171,4.0701,2.2609,6.0532,3.4549,3.3533,5.632,5.1454,3.1794,6.3131,6.0287,0.69741,5.4856,3.6175,7.208,8.6474,7.9764,2.1987,5.306,3.4408,6.4172
0,0,0,1.4282,0,1.071,0,0,1.9177,1.7322,0,2.2389,0,0,0.87567,0,0,0,0,1.9545,0,0,0,2.4943,0,0,0,1.7302,0,0,0,0,0,0,0.75311,2.7223,0,5.061,6.66,7.281,4.2532,5.2084,6.2588,5.2582,2.3254,7.0928,0,4.0701,7.5272,0.77361,0,0,0,5.1781,1.6631,3.4907,0,7.0351,0.63441,0,2.9412,5.7575,3.6292,1.6163,0,3.6089,1.0563,3.571
1.0266,2.3339,3.1069,0,0,0,1.7999,0,3.6214,0,0,0,0,0,0.93884,8.0861,1.64,0,0,0,6.3919,5.8625,7.7373,6.6568,0,0.59415,6.8226,5.8146,2.9033,5.0877,0,0,2.1024,3.1753,1.5648,5.0765,3.5102,0,0,0,2.6517,1.6858,2.7187,0,0.55464,0,0.20508,2.2609,0.77361,9.9204,4.0725,0,2.0442,0,8.4112,8.6333,8.6328,8.1841,1.7319,3.0184,8.743,6.9992,3.4925,5.2585,0,0,2.0309,3.7674
0,3.9149,5.7137,0,0,0,0,0,0,0,0,0,0,0,0,0.97432,4.5016,0,2.5444,0,0,2.3701,2.8532,0,1.2396,5.5896,6.8992,0,0,0,0,0,0,2.4183,4.6595,5.2717,8.4927,0,0,0,7.4171,4.2056,2.782,0,5.18,0,1.0039,6.0532,0,4.0725,8.8623,5.8345,8.7306,0,6.3105,3.8113,8.9011,4.0469,1.0722,8.4601,8.6127,5.7005,5.1704,7.8784,1.0578,0,2.515,7.8079
0,1.1945,0,0,0,0,0,0,0,0,2.2686,0,2.6605,0,0,0,0,2.0414,1.6222,0,0,0,0,0,2.1715,4.5675,4.2315,0,0,0,2.5501,0,0,0,1.6155,2.4014,3.3738,0,0,0.88472,1.8456,1.9177,0,0,8.3514,0,3.0815,3.4549,0,0,5.8345,8.2159,8.1323,0,3.7674,0.73685,4.8801,0,2.1179,7.9166,5.789,0,4.3475,4.2856,4.2163,2.49,0.93704,6.5339
0,3.0759,3.2372,0,0,0,0,0,0,0,1.1479,0,1.2282,0,0,0,3.0294,1.3129,2.9861,0,0,0.75359,0,0,2.3476,5.9058,6.0977,0,0,0,1.3328,0,0,1.4996,3.4115,4.4186,6.1413,0,0,0,5.3442,1.187,1.1843,0,6.4907,0,1.6998,3.3533,0,2.0442,8.7306,8.1323,9.3106,0,5.3346,2.396,6.5928,1.074,1.9922,8.9892,7.626,3.012,4.741,6.7709,2.4932,0.86906,1.9732,7.6639
0,0,0,3.9525,0,2.27,2.6073,0,4.9776,3.7234,0,4.6514,0,0,2.4519,0,0,0,0,4.5648,0,0,0,5.5924,0,0,0,4.0041,0,0,0,0,0,0,1.9573,0,0,10.108,2.9688,6.0939,4.2389,5.7191,6.8883,9.2517,2.0945,9.6561,0,5.632,5.1781,0,0,0,0,9.5002,0,0,0,7.5536,0,0,0,8.2057,5.4846,0.9289,0,1.4534,0.9173,5.0705
0,0.38597,0.70006,0,0,0,1.1058,0,2.7087,0,0,0,0,0,0,6.0598,0,0,0,0,5.3638,3.9626,5.054,5.4384,0,0,3.2073,4.929,2.4194,4.5699,0,0,2.1714,2.7057,3.4941,2.5032,6.612,0,0,2.4173,7.2886,4.6098,1.8573,1.9763,3.5904,0,0,5.1454,1.6631,8.4112,6.3105,3.7674,5.3346,0,10.675,5.374,10.341,5.9378,0,5.164,6.6051,9.2384,5.6795,9.4744,0,0,4.4394,8.0004
1.095,3.1795,3.6557,0,0,1.0221,2.9357,2.0007,4.363,0.94195,1.3458,0,2.4486,1.8266,1.793,6.8453,3.241,0,1.1548,0,5.2091,5.9107,6.0879,6.5828,1.5658,2.7017,6.7593,5.6464,2.9305,4.1575,0,0,1.5349,2.6601,1.9501,7.4831,3.3567,0,1.373,1.4152,3.4745,2.5932,7.7168,0.85205,2.6695,1.4799,4.3654,3.1794,3.4907,8.6333,3.8113,0.73685,2.396,0,5.374,8.8214,6.2935,8.8546,5.8823,3.6861,8.6637,5.8642,3.7876,4.7633,1.4298,0,1.7583,3.3721
0,2.7522,5.7845,0,0,0,0,0,2.1143,0,0,0,0,0,0,7.7278,3.1811,0,0,0,4.9056,5.0492,8.2484,4.468,0,2.2392,8.0008,3.055,0,2.5356,0,0,0.5241,3.1261,3.9301,4.5943,9.4705,0,0,2.897,8.4025,5.792,2.6007,2.9887,4.3845,0,0,6.3131,0,8.6328,8.9011,4.8801,6.5928,0,10.341,6.2935,10.995,6.2164,0.60409,7.5692,9.6429,8.3907,5.1326,8.3406,0,0,3.4688,7.8336
2.5747,1.9174,0.79287,6.5278,0.99078,4.9887,6.3617,5.2681,6.8335,6.8069,0,5.6125,0,3.6792,3.5704,5.4882,0,0,0,6.6917,5.1852,5.1016,3.8566,8.7668,0,0,3.6735,8.3758,4.4321,5.9699,0,0,3.4145,3.9825,4.3904,7.0091,4.43,8.388,5.1743,6.0558,6.9555,6.0985,9.462,6.9235,1.3801,7.7542,2.1578,6.0287,7.0351,8.1841,4.0469,0,1.074,7.5536,5.9378,8.8546,6.2164,10.702,5.1779,3.3141,8.3013,9.5399,6.7453,6.5375,0,1.9165,4.6802,5.63
0,3.9867,0.88179,0,0,0,0,0,1.5322,0,4.0401,0,5.8487,0,0,0,1.2519,2.5214,2.4975,0,0,2.6196,0,0,5.1567,5.7913,6.6675,0,0,0,4.6592,0,0,2.2795,0,7.6308,0.88555,0,0,0,0,0,5.7073,0,5.1767,0,7.8397,0.69741,0.63441,1.7319,1.0722,2.1179,1.9922,0,0,5.8823,0.60409,5.1779,8.1131,4.9016,8.3393,0,1.6972,0,3.7797,1.4793,0,4.2303
0,5.4302,5.8527,0,0,0,0,0,0,0,4.7104,0,5.2906,0,0,0.62093,5.6036,4.7337,5.717,0,0,2.5208,2.2032,0,5.6003,8.5386,8.7113,0,0,0,5.4366,0,0,3.7568,3.9798,5.8266,9.3067,0,0,1.2342,6.7046,3.9471,2.5391,0,7.5614,0,4.9995,5.4856,0,3.0184,8.4601,7.9166,8.9892,0,5.164,3.6861,7.5692,3.3141,4.9016,11.182,9.7783,4.4554,4.7769,6.3975,6.8302,2.6681,1.4204,6.3605
0,7.1065,7.9362,0,0,0,0,0,2.7422,0,5.1942,0,6.4117,0,0,6.8773,7.1055,5.0165,6.0229,0,3.7883,6.3034,8.1292,4.4969,6.6719,8.9561,10.23,2.7185,0.3858,0.94439,6.2505,0,0,5.407,2.6358,9.3061,9.7865,0,0,0.7891,6.3538,2.408,7.3761,2.0195,5.2758,0.79654,8.0332,3.6175,2.9412,8.743,8.6127,5.789,7.626,0,6.6051,8.6637,9.6429,8.3013,8.3393,9.7783,11.553,7.5378,3.7342,5.8491,7.0394,1.0122,1.971,6.5456
2.0639,0.46774,0,3.859,0,2.8854,4.9754,3.312,6.514,3.6658,0,4.4469,0,2.3894,2.4043,4.4028,0,0,0,4.5673,4.2728,4.3522,2.2185,8.052,0,0,1.5771,7.0918,3.6262,5.2557,0,0,2.8186,3.0225,5.5613,2.957,6.8983,9.2598,3.2919,7.6741,10.39,7.192,7.9351,9.6814,1.5464,7.6369,0,7.208,5.7575,6.9992,5.7005,0,3.012,8.2057,9.2384,5.8642,8.3907,9.5399,0,4.4554,7.5378,11.189,8.0803,9.1582,0,0,6.3468,7.3866
0,0,0,0,0,0,0,0,3.6901,0,0,0,1.3269,0,0,2.1827,0,0,0,0,2.5882,2.4365,1.3583,4.3957,0,0,0,3.5447,1.4973,2.7059,0,0,1.4658,1.4939,8.21,1.9939,3.1149,4.434,0.87683,5.5558,8.0727,6.0663,5.7808,7.2174,7.0653,6.4501,4.701,8.6474,3.6292,3.4925,5.1704,4.3475,4.741,5.4846,5.6795,3.7876,5.1326,6.7453,1.6972,4.7769,3.7342,8.0803,10.305,8.6264,3.0653,5.3074,8.1485,8.0159
0,0.65904,0,0,0,0,1.8688,0,3.807,0,0,0,0,0,0,4.5374,0,0,0,0,4.8089,3.3333,3.0259,5.824,0,0,1.2049,5.2373,2.3239,4.1698,0,0,2.0333,2.5875,7.6627,2.868,6.1358,1.0339,0,2.628,9.4326,6.1203,5.094,2.9194,3.9248,1.203,0,7.9764,1.6163,5.2585,7.8784,4.2856,6.7709,0.9289,9.4744,4.7633,8.3406,6.5375,0,6.3975,5.8491,9.1582,8.6264,10.57,0,0.73984,6.6583,8.1063
0,2.9615,0,0,0,0,0,0,0,0,4.6747,0,5.7519,0,0,0,0,3.4795,1.9633,0,0,0.71404,0,0,4.5757,6.2993,6.271,0,0,0,5.357,0,0,1.3991,0,3.2777,0.66402,0,0,0,0,0.95428,0,0,5.9824,0,6.5812,2.1987,0,0,1.0578,4.2163,2.4932,0,0,1.4298,0,0,3.7797,6.8302,7.0394,0,3.0653,0,6.2754,2.1601,0,4.0959
0,0,0,0,0,0,0,0,0,0,0,0,1.1503,0,0,0,0,0,0,0,0,0,0,0,0,0,0,0,0,0,0,0,0,0,1.1536,1.0059,0,0,5.1427,5.3159,1.8239,5.6987,1.8236,2.1847,5.6891,3.5445,4.0216,5.306,3.6089,0,0,2.49,0.86906,1.4534,0,0,0,1.9165,1.4793,2.6681,1.0122,0,5.3074,0.73984,2.1601,6.8174,0,7.7684
0,0,0,0,0,0,0,0,1.8785,0,0,0,0,0,0,1.4888,0,0,0,0,1.8368,0.95097,0.68085,3.4245,0,0,0,2.9023,1.2851,2.2105,0,0,0.94746,0.86707,3.084,0,1.6133,1.2005,0,1.65,5.2505,2.5302,3.4675,2.6592,1.2349,0.79359,0,3.4408,1.0563,2.0309,2.515,0.93704,1.9732,0.9173,4.4394,1.7583,3.4688,4.6802,0,1.4204,1.971,6.3468,8.1485,6.6583,0,0,7.3075,6.9897
0,1.906,2.3867,0,0,0,0,0,2.8202,0,2.1781,0,3.3475,0,0,2.1826,1.4853,0,0.58727,0,2.1832,1.7813,2.0943,3.7113,2.1841,2.9433,4.2633,3.1486,1.453,2.512,1.2521,0,0,1.8893,4.4834,4.0876,4.6579,3.9043,5.9135,5.3944,6.7424,5.6824,4.6268,6.6123,8.5347,6.2201,6.3447,6.4172,3.571,3.7674,7.8079,6.5339,7.6639,5.0705,8.0004,3.3721,7.8336,5.63,4.2303,6.3605,6.5456,7.3866,8.0159,8.1063,4.0959,7.7684,6.9897,9.1
