1,0.17209,0.37094,0.29412,0.084928,0.35418,0.42487,0.36718,0.17323,0.31818,0.22502,0.31139,0.15188,0.53846,0.12408,0.30342,0.47751,0.28723,0.48149,0.25335,0.39656,0.20741,0.40654,0.27265,0.074069,0.27078,0.43461,0.29919,0.58475,0.39375,0.18771,0.15145,0.27308,0.27621,0.53715,0.12734,0.23225,0.28117,0.072784,0.33818,0.29591,0.30844,0.14037,0.32302,0.16043,0.30812,0.10894,0.41905,0.13461,0.2936,0.22112,0.20083,0.28948,0.23287,0.37958,0.14141,0.36285,0.23052,0.050839,0.15713,0.30074,0.28641,0.5113,0.28659,0.13005,0.12932,0.24365,0.26471
0.17209,1,0.10214,0.31969,0.050272,0.22538,0.13925,0.18198,0.13505,0.27341,0.20269,0.31267,0.034973,0.094335,0.097823,0.2834,0.29843,0.014091,0.20338,0.33049,0.29902,0.36791,0.39098,0.25804,0.16867,0.34381,0.31971,0.35758,0.27271,0.40639,0.0041409,0.016181,0.29166,0.41705,0.23961,0.38633,0.14908,0.31659,0.051772,0.22057,0.16823,0.1934,0.15026,0.27124,0.17765,0.31655,0.030276,0.098425,0.10114,0.3086,0.34191,-0.0050591,0.2819,0.32463,0.27346,0.33584,0.36609,0.26284,0.14632,0.2934,0.33312,0.34565,0.26927,0.42554,-0.021131,0.021736,0.28296,0.41628
0.37094,0.10214,1,0.14289,0.11104,0.27526,0.76122,0.47156,0.35949,0.21573,0.34464,0.22706,0.22926,0.61875,0.21411,0.18716,0.43612,0.49986,0.43787,0.24788,0.24064,0.29457,0.27868,0.49056,0.15047,0.61228,0.61952,0.25238,0.30162,0.40458,0.23318,0.1095,0.23126,0.17415,0.23191,0.087654,0.56622,0.14196,0.080967,0.23886,0.55647,0.33656,0.29011,0.20157,0.26528,0.20282,0.17219,0.46577,0.18742,0.16579,0.18982,0.39236,0.21228,0.23306,0.2396,0.19756,0.19843,0.38758,0.084216,0.39258,0.43065,0.20963,0.24665,0.20863,0.19504,0.091521,0.21923,0.1468
0.29412,0.31969,0.14289,1,0.068106,0.48655,0.28232,0.25467,0.22065,0.54179,0.18057,0.79873,0.088707,0.17891,0.18771,0.42067,0.25426,0.04369,0.19031,0.7673,0.49656,0.32292,0.49257,0.41871,0.10896,0.30039,0.28245,0.63492,0.41188,0.3955,0.049384,0.058797,0.35506,0.39778,0.3522,0.28981,0.18034,0.87147,0.067967,0.4931,0.29741,0.2826,0.24109,0.54724,0.15572,0.80215,0.074148,0.18747,0.22117,0.43409,0.27783,0.03007,0.2332,0.74108,0.49447,0.29529,0.50809,0.43639,0.092543,0.26252,0.29756,0.62445,0.40145,0.44847,0.020261,0.068051,0.34663,0.41941
0.084928,0.050272,0.11104,0.068106,1,0.15069,0.1329,0.14963,0.07994,0.086764,0.10359,0.083802,0.072895,0.12843,0.10748,0.082122,0.082119,0.10157,0.08882,0.076361,0.09628,0.084626,0.10106,0.10221,0.052255,0.10263,0.11944,0.10134,0.10866,0.10769,0.040068,0.081249,0.077334,0.093475,0.076139,0.051247,0.083158,0.065231,0.056527,0.11483,0.10539,0.11713,0.077026,0.081807,0.07055,0.077799,0.063219,0.10264,0.073243,0.071136,0.056034,0.066108,0.06468,0.069549,0.091708,0.068829,0.086737,0.08918,0.039191,0.063424,0.09137,0.092106,0.094922,0.087542,0.036363,0.043112,0.075823,0.083084
0.35418,0.22538,0.27526,0.48655,0.15069,1,0.44469,0.51255,0.22612,0.57637,0.22908,0.56171,0.17201,0.33692,0.31703,0.34452,0.27334,0.17836,0.25172,0.45596,0.40864,0.26079,0.44446,0.37973,0.10576,0.30745,0.3171,0.5979,0.44344,0.40708,0.098823,0.11905,0.30069,0.34779,0.3644,0.20787,0.30227,0.47618,0.11917,0.69259,0.43093,0.46028,0.24254,0.55588,0.20219,0.54548,0.15918,0.32672,0.31777,0.34557,0.26488,0.1424,0.26827,0.43883,0.39894,0.22124,0.43517,0.39573,0.084722,0.2485,0.31201,0.57996,0.41006,0.40617,0.09664,0.116,0.27612,0.34776
0.42487,0.13925,0.76122,0.28232,0.1329,0.44469,1,0.55649,0.50104,0.36005,0.34655,0.37225,0.30044,0.72826,0.30528,0.26508,0.35378,0.46218,0.37514,0.35271,0.3106,0.39918,0.2952,0.71148,0.21552,0.5816,0.61156,0.41942,0.38334,0.46958,0.27896,0.14515,0.27939,0.22123,0.31718,0.13394,0.59724,0.28167,0.11339,0.40587,0.75783,0.45329,0.4486,0.33979,0.29855,0.34674,0.2663,0.61614,0.29489,0.24023,0.18409,0.40184,0.23225,0.33729,0.30842,0.31356,0.24826,0.63112,0.15599,0.44344,0.50178,0.3792,0.33482,0.29342,0.26063,0.13604,0.2682,0.21246
0.36718,0.18198,0.47156,0.25467,0.14963,0.51255,0.55649,1,0.1854,0.36072,0.3103,0.30848,0.13197,0.49644,0.19547,0.25991,0.36974,0.38391,0.36845,0.26833,0.3223,0.27953,0.41016,0.29771,0.051727,0.46525,0.38115,0.51909,0.35402,0.55764,0.10072,0.12979,0.23613,0.30666,0.29312,0.16072,0.38881,0.24769,0.12376,0.43537,0.44905,0.54085,0.16514,0.33643,0.25367,0.29206,0.10031,0.36318,0.19087,0.25496,0.29997,0.27679,0.29148,0.25099,0.30354,0.21663,0.34123,0.26444,0.024633,0.31922,0.2926,0.46838,0.3009,0.42628,0.091475,0.092977,0.21548,0.28667
0.17323,0.13505,0.35949,0.22065,0.07994,0.22612,0.50104,0.1854,1,0.23597,0.19684,0.28618,0.32208,0.38368,0.27744,0.19689,0.086707,0.17022,0.10883,0.27845,0.22555,0.34917,0.1421,0.62842,0.29608,0.26508,0.41164,0.16557,0.25122,0.13669,0.21237,0.097817,0.23129,0.15631,0.15239,0.13765,0.28011,0.2199,0.075925,0.21754,0.42196,0.17439,0.48775,0.22855,0.16931,0.25319,0.29854,0.36905,0.24205,0.18247,0.0012788,0.14419,0.059578,0.27464,0.22439,0.29939,0.14098,0.55151,0.24734,0.22588,0.36324,0.16655,0.23089,0.10287,0.18996,0.10911,0.22881,0.15047
0.31818,0.27341,0.21573,0.54179,0.086764,0.57637,0.36005,0.36072,0.23597,1,0.22035,0.56001,0.13332,0.26652,0.1629,0.35085,0.26196,0.14811,0.23867,0.55216,0.40971,0.3197,0.41729,0.34171,0.13816,0.32809,0.30492,0.56652,0.41048,0.36017,0.093331,0.084903,0.33347,0.35199,0.34553,0.26319,0.26906,0.5499,0.084436,0.54932,0.38905,0.38515,0.2489,0.88844,0.2165,0.55205,0.12602,0.28974,0.1957,0.34744,0.29701,0.1523,0.30056,0.55698,0.40551,0.30106,0.4413,0.36749,0.12798,0.33158,0.33952,0.58034,0.38612,0.41757,0.084034,0.080291,0.31902,0.37272
0.22502,0.20269,0.34464,0.18057,0.10359,0.22908,0.34655,0.3103,0.19684,0.22035,1,0.21615,0.19957,0.3104,0.12881,0.17594,0.36436,0.32156,0.38012,0.23938,0.19889,0.27888,0.25685,0.26731,0.16598,0.41808,0.37882,0.23641,0.25665,0.3506,0.11479,0.08112,0.22263,0.29951,0.20246,0.20334,0.24902,0.17965,0.072418,0.20116,0.26057,0.2316,0.16037,0.20497,0.28735,0.21165,0.096108,0.22823,0.11362,0.1746,0.26806,0.22685,0.3127,0.23066,0.18733,0.21947,0.21213,0.21817,0.11874,0.27493,0.30147,0.21115,0.21448,0.26284,0.081915,0.041543,0.21364,0.25483
0.31139,0.31267,0.22706,0.79873,0.083802,0.56171,0.37225,0.30848,0.28618,0.56001,0.21615,1,0.12854,0.24709,0.25744,0.40672,0.2805,0.095374,0.22592,0.7842,0.47964,0.3376,0.48165,0.47098,0.13394,0.3425,0.34143,0.63314,0.42594,0.41929,0.074628,0.075602,0.37767,0.4035,0.35959,0.28822,0.26329,0.78684,0.082445,0.54828,0.38388,0.32723,0.29041,0.55043,0.19963,0.82466,0.11907,0.25824,0.27883,0.41554,0.28765,0.092625,0.26274,0.7566,0.47448,0.30428,0.48592,0.48347,0.11766,0.30381,0.35619,0.61681,0.40905,0.44991,0.058017,0.079756,0.36514,0.41745
0.15188,0.034973,0.22926,0.088707,0.072895,0.17201,0.30044,0.13197,0.32208,0.13332,0.19957,0.12854,1,0.31822,0.19377,0.13903,0.036376,0.1923,0.098004,0.11816,0.17768,0.12699,0.092052,0.33077,0.28804,0.055516,0.33114,0.042248,0.20957,0.0044781,0.24004,0.11594,0.13727,0.071036,0.10845,0.025619,0.10033,0.086273,0.070249,0.16898,0.18257,0.10314,0.2757,0.13447,0.098233,0.11901,0.3323,0.26233,0.17496,0.11525,-0.099597,0.090452,-0.0087661,0.10954,0.18566,0.067737,0.099582,0.26349,0.1939,-0.021353,0.20928,0.050318,0.18964,-0.018981,0.17942,0.13004,0.1309,0.059312
0.53846,0.094335,0.61875,0.17891,0.12843,0.33692,0.72826,0.49644,0.38368,0.26652,0.3104,0.24709,0.31822,1,0.22202,0.23007,0.38372,0.52026,0.47025,0.21939,0.30812,0.28603,0.26193,0.48421,0.20218,0.37446,0.61869,0.21829,0.46565,0.37326,0.35351,0.22723,0.2421,0.20076,0.35822,0.066776,0.38292,0.17257,0.10555,0.31025,0.5058,0.3859,0.31107,0.26445,0.22753,0.2295,0.25739,0.6576,0.19541,0.2057,0.10124,0.40589,0.23455,0.20119,0.29573,0.19226,0.22061,0.38997,0.13082,0.21514,0.44567,0.20474,0.3702,0.20539,0.28756,0.19461,0.22093,0.16689
0.12408,0.097823,0.21411,0.18771,0.10748,0.31703,0.30528,0.19547,0.27744,0.1629,0.12881,0.25744,0.19377,0.22202,1,0.16367,0.079328,0.10318,0.080862,0.20792,0.18548,0.16094,0.16257,0.36028,0.15072,0.15378,0.23768,0.19711,0.20942,0.13137,0.091653,0.078613,0.16859,0.14711,0.14113,0.089801,0.20393,0.18302,0.078573,0.26742,0.28156,0.17241,0.26322,0.15341,0.1159,0.23035,0.18965,0.21987,0.28131,0.15741,0.041553,0.080024,0.073509,0.20054,0.18448,0.13048,0.1509,0.34595,0.12133,0.11881,0.21663,0.18496,0.19775,0.11545,0.090883,0.087036,0.15537,0.13375
0.30342,0.2834,0.18716,0.42067,0.082122,0.34452,0.26508,0.25991,0.19689,0.35085,0.17594,0.40672,0.13903,0.23007,0.16367,1,0.2467,0.10439,0.19594,0.35681,0.64956,0.33768,0.63074,0.34002,0.12055,0.26343,0.37818,0.47595,0.44751,0.4245,0.078051,0.080009,0.37048,0.42117,0.34074,0.23955,0.1992,0.41019,0.082033,0.35612,0.26284,0.28011,0.20402,0.3581,0.15339,0.41448,0.11721,0.23141,0.18604,0.65052,0.24021,0.076439,0.20667,0.34234,0.64224,0.27257,0.63445,0.33803,0.097487,0.22043,0.3611,0.4805,0.44185,0.46695,0.056353,0.080641,0.36277,0.43826
0.47751,0.29843,0.43612,0.25426,0.082119,0.27334,0.35378,0.36974,0.086707,0.26196,0.36436,0.2805,0.036376,0.38372,0.079328,0.2467,1,0.34735,0.6509,0.29198,0.29942,0.28173,0.46816,0.19849,0.046488,0.51717,0.49139,0.33465,0.40194,0.55087,0.1039,0.077262,0.26886,0.41328,0.37725,0.25416,0.29984,0.2466,0.054459,0.24488,0.25114,0.27683,0.054089,0.2577,0.25741,0.27604,-0.013858,0.2494,0.074424,0.26137,0.46737,0.22462,0.4681,0.27639,0.27874,0.20622,0.37144,0.15261,0.017971,0.30253,0.36446,0.30378,0.33338,0.41227,0.04388,0.041463,0.2545,0.35411
0.28723,0.014091,0.49986,0.04369,0.10157,0.17836,0.46218,0.38391,0.17022,0.14811,0.32156,0.095374,0.1923,0.52026,0.10318,0.10439,0.34735,1,0.46502,0.098338,0.13311,0.15515,0.14424,0.15407,0.061265,0.33344,0.4195,0.078414,0.20903,0.24954,0.20144,0.13112,0.11958,0.10615,0.1708,-0.0016699,0.22798,0.041101,0.067716,0.14876,0.23565,0.23213,0.094347,0.14539,0.19922,0.08141,0.11188,0.32079,0.074346,0.084955,0.095688,0.41023,0.19912,0.087934,0.14453,0.050713,0.10224,0.061988,0.0066779,0.10864,0.20895,0.056516,0.16259,0.086291,0.15077,0.086598,0.11397,0.074759
0.48149,0.20338,0.43787,0.19031,0.08882,0.25172,0.37514,0.36845,0.10883,0.23867,0.38012,0.22592,0.098004,0.47025,0.080862,0.19594,0.6509,0.46502,1,0.23559,0.24146,0.22594,0.33784,0.17112,0.057234,0.41946,0.479,0.23517,0.37856,0.43318,0.17041,0.11583,0.22678,0.3118,0.34758,0.16611,0.23652,0.18283,0.055547,0.22434,0.21405,0.25926,0.053377,0.2421,0.25278,0.2195,0.029792,0.29644,0.070724,0.20008,0.33621,0.29894,0.457,0.22193,0.23503,0.13458,0.27009,0.10133,0.01521,0.18885,0.2991,0.21412,0.30742,0.28397,0.09742,0.071317,0.21484,0.26149
0.25335,0.33049,0.24788,0.7673,0.076361,0.45596,0.35271,0.26833,0.27845,0.55216,0.23938,0.7842,0.11816,0.21939,0.20792,0.35681,0.29198,0.098338,0.23559,1,0.42424,0.35877,0.44124,0.46218,0.15434,0.36741,0.35509,0.55556,0.36402,0.39926,0.073813,0.056527,0.38683,0.39418,0.3023,0.31202,0.27979,0.75733,0.068072,0.44413,0.36401,0.27944,0.29483,0.53249,0.22414,0.76699,0.1095,0.23255,0.22975,0.3643,0.30222,0.10513,0.28145,0.86073,0.41179,0.32844,0.43467,0.46813,0.13934,0.33173,0.37416,0.53979,0.34394,0.42186,0.059671,0.060138,0.38157,0.40649
0.39656,0.29902,0.24064,0.49656,0.09628,0.40864,0.3106,0.3223,0.22555,0.40971,0.19889,0.47964,0.17768,0.30812,0.18548,0.64956,0.29942,0.13311,0.24146,0.42424,1,0.32463,0.79716,0.35232,0.12477,0.28433,0.43541,0.55264,0.57367,0.5131,0.10748,0.10694,0.45291,0.51633,0.40162,0.24556,0.22046,0.48027,0.098852,0.41516,0.28436,0.31961,0.2302,0.40804,0.16907,0.4881,0.14641,0.27726,0.20952,0.62751,0.24485,0.096216,0.21118,0.40125,0.8609,0.27076,0.75874,0.35067,0.096981,0.21816,0.39239,0.53722,0.53913,0.53988,0.081138,0.10893,0.42863,0.51178
0.20741,0.36791,0.29457,0.32292,0.084626,0.26079,0.39918,0.27953,0.34917,0.3197,0.27888,0.3376,0.12699,0.28603,0.16094,0.33768,0.28173,0.15515,0.22594,0.35877,0.32463,1,0.35995,0.48676,0.23144,0.4672,0.41942,0.37528,0.30443,0.45217,0.082896,0.050033,0.32452,0.38442,0.25812,0.33461,0.29003,0.32461,0.076516,0.24709,0.37704,0.26998,0.32633,0.31214,0.24782,0.33419,0.12415,0.27789,0.15563,0.33512,0.30087,0.13938,0.28747,0.35441,0.30717,0.48669,0.33859,0.45871,0.20361,0.41078,0.42763,0.3605,0.30009,0.42151,0.071118,0.046877,0.31952,0.38182
0.40654,0.39098,0.27868,0.49257,0.10106,0.44446,0.2952,0.41016,0.1421,0.41729,0.25685,0.48165,0.092052,0.26193,0.16257,0.63074,0.46816,0.14424,0.33784,0.44124,0.79716,0.35995,1,0.29279,0.06927,0.41952,0.46668,0.6485,0.5501,0.66612,0.046206,0.077088,0.4393,0.58942,0.42082,0.32609,0.26934,0.47511,0.09479,0.43495,0.2775,0.37507,0.1509,0.40957,0.20413,0.48764,0.063261,0.20711,0.18466,0.62859,0.4256,0.080311,0.32515,0.42044,0.73719,0.30389,0.82209,0.29445,0.050151,0.29972,0.42133,0.61387,0.5121,0.65945,0.016114,0.070246,0.41566,0.57157
0.27265,0.25804,0.49056,0.41871,0.10221,0.37973,0.71148,0.29771,0.62842,0.34171,0.26731,0.47098,0.33077,0.48421,0.36028,0.34002,0.19849,0.15407,0.17112,0.46218,0.35232,0.48676,0.29279,1,0.33773,0.47235,0.54872,0.40823,0.37572,0.34549,0.24141,0.10665,0.34106,0.29624,0.28353,0.25236,0.44659,0.41243,0.095626,0.36685,0.64525,0.3037,0.59417,0.33236,0.23704,0.44857,0.32705,0.48916,0.35199,0.32716,0.1274,0.15317,0.16755,0.44912,0.34702,0.43606,0.28193,0.83501,0.28499,0.40697,0.53086,0.39476,0.3552,0.29462,0.22251,0.12533,0.33284,0.28917
0.074069,0.16867,0.15047,0.10896,0.052255,0.10576,0.21552,0.051727,0.29608,0.13816,0.16598,0.13394,0.28804,0.20218,0.15072,0.12055,0.046488,0.061265,0.057234,0.15434,0.12477,0.23144,0.06927,0.33773,1,0.15337,0.32979,0.050895,0.1674,0.049293,0.13462,0.067488,0.16977,0.13961,0.086393,0.16919,0.11839,0.10899,0.049135,0.10559,0.18804,0.071197,0.27635,0.1406,0.14563,0.12733,0.23817,0.20836,0.13237,0.11313,0.0032354,0.047526,0.061557,0.15249,0.12155,0.21191,0.077083,0.30098,0.30542,0.13487,0.29759,0.061124,0.15748,0.048725,0.1117,0.079945,0.16556,0.12779
0.27078,0.34381,0.61228,0.30039,0.10263,0.30745,0.5816,0.46525,0.26508,0.32809,0.41808,0.3425,0.055516,0.37446,0.15378,0.26343,0.51717,0.33344,0.41946,0.36741,0.28433,0.4672,0.41952,0.47235,0.15337,1,0.54685,0.46459,0.30782,0.62803,0.075864,0.026732,0.30904,0.40126,0.26803,0.32795,0.506,0.30303,0.067589,0.26659,0.50342,0.3589,0.23688,0.30878,0.31102,0.32596,0.026403,0.28391,0.14384,0.27453,0.44203,0.25823,0.369,0.35665,0.26173,0.40399,0.32976,0.41216,0.10525,0.65956,0.48017,0.40648,0.26267,0.48459,0.045704,0.00098015,0.29074,0.35752
0.43461,0.31971,0.61952,0.28245,0.11944,0.3171,0.61156,0.38115,0.41164,0.30492,0.37882,0.34143,0.33114,0.61869,0.23768,0.37818,0.49139,0.4195,0.479,0.35509,0.43541,0.41942,0.46668,0.54872,0.32979,0.54685,1,0.32543,0.43901,0.45732,0.29922,0.15376,0.34314,0.34232,0.33956,0.25656,0.37396,0.27378,0.093377,0.30849,0.41013,0.31156,0.33523,0.31313,0.25588,0.32894,0.24817,0.45794,0.21453,0.35985,0.21237,0.25652,0.27761,0.33743,0.42534,0.29273,0.41735,0.43203,0.22213,0.31022,0.62548,0.3067,0.40085,0.32048,0.19753,0.13451,0.33414,0.32227
0.29919,0.35758,0.25238,0.63492,0.10134,0.5979,0.41942,0.51909,0.16557,0.56652,0.23641,0.63314,0.042248,0.21829,0.19711,0.47595,0.33465,0.078414,0.23517,0.55556,0.55264,0.37528,0.6485,0.40823,0.050895,0.46459,0.32543,1,0.40451,0.67211,0.0079992,0.050232,0.34566,0.46953,0.35461,0.32536,0.33822,0.62486,0.095153,0.57858,0.44379,0.50616,0.19984,0.55253,0.21212,0.63224,0.038428,0.21348,0.24075,0.48602,0.4176,0.0633,0.32222,0.54279,0.5122,0.34409,0.61526,0.43606,0.045875,0.40292,0.34304,0.89374,0.39374,0.6815,0.0020819,0.049635,0.33421,0.48406
0.58475,0.27271,0.30162,0.41188,0.10866,0.44344,0.38334,0.35402,0.25122,0.41048,0.25665,0.42594,0.20957,0.46565,0.20942,0.44751,0.40194,0.20903,0.37856,0.36402,0.57367,0.30443,0.5501,0.37572,0.1674,0.30782,0.43901,0.40451,1,0.44277,0.15201,0.16458,0.5239,0.47258,0.52809,0.24131,0.26594,0.39447,0.10291,0.42962,0.34861,0.33969,0.24934,0.4086,0.2178,0.42601,0.18037,0.41268,0.22702,0.44217,0.28012,0.17071,0.30612,0.34229,0.54416,0.26709,0.52174,0.37171,0.14148,0.2439,0.40668,0.40679,0.71579,0.42786,0.12152,0.14997,0.45343,0.44038
0.39375,0.40639,0.40458,0.3955,0.10769,0.40708,0.46958,0.55764,0.13669,0.36017,0.3506,0.41929,0.0044781,0.37326,0.13137,0.4245,0.55087,0.24954,0.43318,0.39926,0.5131,0.45217,0.66612,0.34549,0.049293,0.62803,0.45732,0.67211,0.44277,1,0.038128,0.050508,0.38901,0.56576,0.40397,0.35953,0.41185,0.38491,0.091292,0.37295,0.4326,0.47969,0.1391,0.33949,0.29904,0.41127,-0.0096144,0.29594,0.14516,0.44575,0.56422,0.21571,0.48052,0.37906,0.45211,0.39664,0.57413,0.33041,0.038102,0.50332,0.44985,0.61089,0.40755,0.77525,0.01964,0.036188,0.36779,0.54507
0.18771,0.0041409,0.23318,0.049384,0.040068,0.098823,0.27896,0.10072,0.21237,0.093331,0.11479,0.074628,0.24004,0.35351,0.091653,0.078051,0.1039,0.20144,0.17041,0.073813,0.10748,0.082896,0.046206,0.24141,0.13462,0.075864,0.29922,0.0079992,0.15201,0.038128,1,0.10523,0.074909,0.024427,0.11303,-0.010495,0.088525,0.048661,0.034132,0.10183,0.15061,0.08099,0.16129,0.10093,0.061337,0.07149,0.16916,0.26445,0.078798,0.064784,-0.065761,0.12744,0.042322,0.067997,0.11459,0.032443,0.053538,0.17402,0.082532,-0.01116,0.18199,0.021249,0.12572,-0.014583,0.24596,0.10826,0.076079,0.014086
0.15145,0.016181,0.1095,0.058797,0.081249,0.11905,0.14515,0.12979,0.097817,0.084903,0.08112,0.075602,0.11594,0.22723,0.078613,0.080009,0.077262,0.13112,0.11583,0.056527,0.10694,0.050033,0.077088,0.10665,0.067488,0.026732,0.15376,0.050232,0.16458,0.050508,0.10523,1,0.068442,0.064324,0.10837,0.0074423,0.049667,0.055514,0.04427,0.11186,0.090533,0.10058,0.080116,0.083569,0.038011,0.072934,0.10587,0.1775,0.072227,0.065386,-0.0064917,0.086909,0.038131,0.049994,0.10352,0.024732,0.073945,0.08578,0.047928,-0.0083858,0.10364,0.05291,0.13256,0.02994,0.08176,0.094787,0.061759,0.050263
0.27308,0.29166,0.23126,0.35506,0.077334,0.30069,0.27939,0.23613,0.23129,0.33347,0.22263,0.37767,0.13727,0.2421,0.16859,0.37048,0.26886,0.11958,0.22678,0.38683,0.45291,0.32452,0.4393,0.34106,0.16977,0.30904,0.34314,0.34566,0.5239,0.38901,0.074909,0.068442,1,0.44951,0.30671,0.27226,0.24146,0.34637,0.073574,0.28949,0.28714,0.23576,0.23684,0.32152,0.21827,0.37182,0.12252,0.24462,0.17657,0.37428,0.26811,0.13537,0.25608,0.37451,0.42807,0.30446,0.42045,0.34085,0.15236,0.28117,0.36556,0.34068,0.46998,0.39569,0.068993,0.066799,0.49176,0.41889
0.27621,0.41705,0.17415,0.39778,0.093475,0.34779,0.22123,0.30666,0.15631,0.35199,0.29951,0.4035,0.071036,0.20076,0.14711,0.42117,0.41328,0.10615,0.3118,0.39418,0.51633,0.38442,0.58942,0.29624,0.13961,0.40126,0.34232,0.46953,0.47258,0.56576,0.024427,0.064324,0.44951,1,0.33399,0.38111,0.21464,0.38997,0.087295,0.33309,0.24755,0.29164,0.17304,0.34393,0.24958,0.40483,0.059948,0.18072,0.15669,0.44278,0.42494,0.08319,0.36755,0.38134,0.47125,0.36057,0.53514,0.3058,0.12864,0.32793,0.37819,0.45494,0.42057,0.57782,0.012981,0.059319,0.39976,0.57291
0.53715,0.23961,0.23191,0.3522,0.076139,0.3644,0.31718,0.29312,0.15239,0.34553,0.20246,0.35959,0.10845,0.35822,0.14113,0.34074,0.37725,0.1708,0.34758,0.3023,0.40162,0.25812,0.42082,0.28353,0.086393,0.26803,0.33956,0.35461,0.52809,0.40397,0.11303,0.10837,0.30671,0.33399,1,0.22142,0.29867,0.34824,0.085322,0.39118,0.38525,0.37843,0.166,0.36267,0.21565,0.37028,0.11451,0.47229,0.1615,0.34748,0.37606,0.21211,0.42726,0.29138,0.41384,0.23265,0.43936,0.31585,0.088457,0.28403,0.4067,0.37013,0.59402,0.43977,0.11032,0.1266,0.30678,0.37022
0.12734,0.38633,0.087654,0.28981,0.051247,0.20787,0.13394,0.16072,0.13765,0.26319,0.20334,0.28822,0.025619,0.066776,0.089801,0.23955,0.25416,-0.0016699,0.16611,0.31202,0.24556,0.33461,0.32609,0.25236,0.16919,0.32795,0.25656,0.32536,0.24131,0.35953,-0.010495,0.0074423,0.27226,0.38111,0.22142,1,0.19091,0.28953,0.051611,0.20572,0.2055,0.2001,0.15908,0.25992,0.21217,0.29085,0.037944,0.11305,0.10212,0.27087,0.3594,0.033736,0.30864,0.30978,0.22925,0.36282,0.32232,0.27496,0.1829,0.35013,0.37172,0.32953,0.24561,0.40888,-0.012868,0.015489,0.2723,0.39381
0.23225,0.14908,0.56622,0.18034,0.083158,0.30227,0.59724,0.38881,0.28011,0.26906,0.24902,0.26329,0.10033,0.38292,0.20393,0.1992,0.29984,0.22798,0.23652,0.27979,0.22046,0.29003,0.26934,0.44659,0.11839,0.506,0.37396,0.33822,0.26594,0.41185,0.088525,0.049667,0.24146,0.21464,0.29867,0.19091,1,0.18825,0.10097,0.29795,0.78052,0.46447,0.33011,0.239,0.37548,0.24846,0.16413,0.56652,0.22887,0.18794,0.43171,0.48981,0.39911,0.27674,0.2248,0.33198,0.26825,0.52711,0.13553,0.68755,0.60079,0.34792,0.27162,0.41021,0.1895,0.082157,0.23947,0.24523
0.28117,0.31659,0.14196,0.87147,0.065231,0.47618,0.28167,0.24769,0.2199,0.5499,0.17965,0.78684,0.086273,0.17257,0.18302,0.41019,0.2466,0.041101,0.18283,0.75733,0.48027,0.32461,0.47511,0.41243,0.10899,0.30303,0.27378,0.62486,0.39447,0.38491,0.048661,0.055514,0.34637,0.38997,0.34824,0.28953,0.18825,1,0.067729,0.49262,0.31108,0.28415,0.24995,0.56799,0.16213,0.80956,0.075284,0.19202,0.21877,0.42589,0.27711,0.034128,0.23652,0.77035,0.4838,0.30163,0.49696,0.44718,0.094603,0.2748,0.29904,0.63014,0.39302,0.44526,0.021773,0.062583,0.34299,0.41381
0.072784,0.051772,0.080967,0.067967,0.056527,0.11917,0.11339,0.12376,0.075925,0.084436,0.072418,0.082445,0.070249,0.10555,0.078573,0.082033,0.054459,0.067716,0.055547,0.068072,0.098852,0.076516,0.09479,0.095626,0.049135,0.067589,0.093377,0.095153,0.10291,0.091292,0.034132,0.04427,0.073574,0.087295,0.085322,0.051611,0.10097,0.067729,1,0.14382,0.1236,0.13563,0.080057,0.084874,0.090353,0.080347,0.071676,0.12929,0.10656,0.078313,0.063565,0.083991,0.071704,0.06402,0.1016,0.074066,0.095352,0.10019,0.049854,0.082553,0.10665,0.092986,0.10849,0.09261,0.048252,0.10699,0.075155,0.095342
0.33818,0.22057,0.23886,0.4931,0.11483,0.69259,0.40587,0.43537,0.21754,0.54932,0.20116,0.54828,0.16898,0.31025,0.26742,0.35612,0.24488,0.14876,0.22434,0.44413,0.41516,0.24709,0.43495,0.36685,0.10559,0.26659,0.30849,0.57858,0.42962,0.37295,0.10183,0.11186,0.28949,0.33309,0.39118,0.20572,0.29795,0.49262,0.14382,1,0.44188,0.50649,0.24182,0.58791,0.20084,0.57143,0.16268,0.35383,0.3534,0.35833,0.26608,0.14391,0.26827,0.44554,0.4254,0.21866,0.46002,0.39981,0.088336,0.24745,0.3213,0.60238,0.43991,0.42282,0.099712,0.13133,0.27891,0.3595
0.29591,0.16823,0.55647,0.29741,0.10539,0.43093,0.75783,0.44905,0.42196,0.38905,0.26057,0.38388,0.18257,0.5058,0.28156,0.26284,0.25114,0.23565,0.21405,0.36401,0.28436,0.37704,0.2775,0.64525,0.18804,0.50342,0.41013,0.44379,0.34861,0.4326,0.15061,0.090533,0.28714,0.24755,0.38525,0.2055,0.78052,0.31108,0.1236,0.44188,1,0.55541,0.47436,0.37225,0.37949,0.37242,0.25236,0.71403,0.32105,0.252,0.36274,0.48059,0.36543,0.36444,0.29429,0.41667,0.28633,0.73395,0.19896,0.67918,0.62706,0.47396,0.36276,0.44753,0.25536,0.12863,0.28716,0.28176
0.30844,0.1934,0.33656,0.2826,0.11713,0.46028,0.45329,0.54085,0.17439,0.38515,0.2316,0.32723,0.10314,0.3859,0.17241,0.28011,0.27683,0.23213,0.25926,0.27944,0.31961,0.26998,0.37507,0.3037,0.071197,0.3589,0.31156,0.50616,0.33969,0.47969,0.08099,0.10058,0.23576,0.29164,0.37843,0.2001,0.46447,0.28415,0.13563,0.50649,0.55541,1,0.20356,0.3885,0.29061,0.32846,0.12291,0.50141,0.21408,0.28304,0.37281,0.32483,0.37286,0.27381,0.33084,0.27409,0.391,0.34824,0.073699,0.42144,0.40277,0.53362,0.37003,0.51443,0.11977,0.13284,0.23866,0.33405
0.14037,0.15026,0.29011,0.24109,0.077026,0.24254,0.4486,0.16514,0.48775,0.2489,0.16037,0.29041,0.2757,0.31107,0.26322,0.20402,0.054089,0.094347,0.053377,0.29483,0.2302,0.32633,0.1509,0.59417,0.27635,0.23688,0.33523,0.19984,0.24934,0.1391,0.16129,0.080116,0.23684,0.17304,0.166,0.15908,0.33011,0.24995,0.080057,0.24182,0.47436,0.20356,1,0.23582,0.18471,0.29465,0.29956,0.38155,0.27887,0.19751,0.044039,0.14674,0.086751,0.29447,0.22704,0.34168,0.15964,0.61996,0.25328,0.28153,0.38902,0.21394,0.23857,0.14823,0.1847,0.10773,0.23701,0.17819
0.32302,0.27124,0.20157,0.54724,0.081807,0.55588,0.33979,0.33643,0.22855,0.88844,0.20497,0.55043,0.13447,0.26445,0.15341,0.3581,0.2577,0.14539,0.2421,0.53249,0.40804,0.31214,0.40957,0.33236,0.1406,0.30878,0.31313,0.55253,0.4086,0.33949,0.10093,0.083569,0.32152,0.34393,0.36267,0.25992,0.239,0.56799,0.084874,0.58791,0.37225,0.3885,0.23582,1,0.19726,0.5735,0.12155,0.28924,0.19262,0.35991,0.28358,0.13324,0.28846,0.56536,0.41972,0.28964,0.45794,0.35268,0.12351,0.3051,0.32805,0.60303,0.40595,0.41957,0.080217,0.085172,0.32008,0.37446
0.16043,0.17765,0.26528,0.15572,0.07055,0.20219,0.29855,0.25367,0.16931,0.2165,0.28735,0.19963,0.098233,0.22753,0.1159,0.15339,0.25741,0.19922,0.25278,0.22414,0.16907,0.24782,0.20413,0.23704,0.14563,0.31102,0.25588,0.21212,0.2178,0.29904,0.061337,0.038011,0.21827,0.24958,0.21565,0.21217,0.37548,0.16213,0.090353,0.20084,0.37949,0.29061,0.18471,0.19726,1,0.19259,0.18905,0.3298,0.12862,0.15755,0.34504,0.37426,0.39751,0.21879,0.16693,0.26214,0.20068,0.26702,0.15775,0.41682,0.38466,0.21272,0.23131,0.30233,0.13904,0.075535,0.2192,0.28454
0.30812,0.31655,0.20282,0.80215,0.077799,0.54548,0.34674,0.29206,0.25319,0.55205,0.21165,0.82466,0.11901,0.2295,0.23035,0.41448,0.27604,0.08141,0.2195,0.76699,0.4881,0.33419,0.48764,0.44857,0.12733,0.32596,0.32894,0.63224,0.42601,0.41127,0.07149,0.072934,0.37182,0.40483,0.37028,0.29085,0.24846,0.80956,0.080347,0.57143,0.37242,0.32846,0.29465,0.5735,0.19259,1,0.10891,0.24878,0.29133,0.42756,0.293,0.078363,0.26289,0.78201,0.49015,0.30366,0.50399,0.48091,0.1103,0.29432,0.34759,0.63888,0.42102,0.46224,0.051984,0.075092,0.36615,0.4289
0.10894,0.030276,0.17219,0.074148,0.063219,0.15918,0.2663,0.10031,0.29854,0.12602,0.096108,0.11907,0.3323,0.25739,0.18965,0.11721,-0.013858,0.11188,0.029792,0.1095,0.14641,0.12415,0.063261,0.32705,0.23817,0.026403,0.24817,0.038428,0.18037,-0.0096144,0.16916,0.10587,0.12252,0.059948,0.11451,0.037944,0.16413,0.075284,0.071676,0.16268,0.25236,0.12291,0.29956,0.12155,0.18905,0.10891,1,0.30387,0.18696,0.098675,-0.065155,0.13206,0.020082,0.10512,0.15279,0.10984,0.078905,0.31802,0.2587,0.057574,0.25364,0.052561,0.18146,-0.0021691,0.20854,0.14007,0.1208,0.063001
0.41905,0.098425,0.46577,0.18747,0.10264,0.32672,0.61614,0.36318,0.36905,0.28974,0.22823,0.25824,0.26233,0.6576,0.21987,0.23141,0.2494,0.32079,0.29644,0.23255,0.27726,0.27789,0.20711,0.48916,0.20836,0.28391,0.45794,0.21348,0.41268,0.29594,0.26445,0.1775,0.24462,0.18072,0.47229,0.11305,0.56652,0.19202,0.12929,0.35383,0.71403,0.50141,0.38155,0.28924,0.3298,0.24878,0.30387,1,0.24075,0.21381,0.23378,0.52299,0.36817,0.22407,0.29402,0.28375,0.23894,0.52679,0.20538,0.4263,0.60095,0.24561,0.45691,0.29492,0.33947,0.2281,0.24715,0.21562
0.13461,0.10114,0.18742,0.22117,0.073243,0.31777,0.29489,0.19087,0.24205,0.1957,0.11362,0.27883,0.17496,0.19541,0.28131,0.18604,0.074424,0.074346,0.070724,0.22975,0.20952,0.15563,0.18466,0.35199,0.13237,0.14384,0.21453,0.24075,0.22702,0.14516,0.078798,0.072227,0.17657,0.15669,0.1615,0.10212,0.22887,0.21877,0.10656,0.3534,0.32105,0.21408,0.27887,0.19262,0.12862,0.29133,0.18696,0.24075,1,0.18316,0.076104,0.092711,0.094901,0.2249,0.21449,0.13924,0.19303,0.37472,0.11756,0.15257,0.2297,0.24786,0.22742,0.15952,0.088297,0.091952,0.16991,0.16455
0.2936,0.3086,0.16579,0.43409,0.071136,0.34557,0.24023,0.25496,0.18247,0.34744,0.1746,0.41554,0.11525,0.2057,0.15741,0.65052,0.26137,0.084955,0.20008,0.3643,0.62751,0.33512,0.62859,0.32716,0.11313,0.27453,0.35985,0.48602,0.44217,0.44575,0.064784,0.065386,0.37428,0.44278,0.34748,0.27087,0.18794,0.42589,0.078313,0.35833,0.252,0.28304,0.19751,0.35991,0.15755,0.42756,0.098675,0.21381,0.18316,1,0.27565,0.054356,0.22959,0.35496,0.64757,0.32075,0.66391,0.34432,0.095673,0.23623,0.37362,0.50944,0.44671,0.5112,0.038755,0.071352,0.3694,0.47043
0.22112,0.34191,0.18982,0.27783,0.056034,0.26488,0.18409,0.29997,0.0012788,0.29701,0.26806,0.28765,-0.099597,0.10124,0.041553,0.24021,0.46737,0.095688,0.33621,0.30222,0.24485,0.30087,0.4256,0.1274,0.0032354,0.44203,0.21237,0.4176,0.28012,0.56422,-0.065761,-0.0064917,0.26811,0.42494,0.37606,0.3594,0.43171,0.27711,0.063565,0.26608,0.36274,0.37281,0.044039,0.28358,0.34504,0.293,-0.065155,0.23378,0.076104,0.27565,1,0.26213,0.63093,0.29918,0.24009,0.33667,0.43278,0.20196,0.039662,0.55629,0.43613,0.42276,0.31411,0.62817,-0.016508,0.0020351,0.27031,0.47587
0.20083,-0.0050591,0.39236,0.03007,0.066108,0.1424,0.40184,0.27679,0.14419,0.1523,0.22685,0.092625,0.090452,0.40589,0.080024,0.076439,0.22462,0.41023,0.29894,0.10513,0.096216,0.13938,0.080311,0.15317,0.047526,0.25823,0.25652,0.0633,0.17071,0.21571,0.12744,0.086909,0.13537,0.08319,0.21211,0.033736,0.48981,0.034128,0.083991,0.14391,0.48059,0.32483,0.14674,0.13324,0.37426,0.078363,0.13206,0.52299,0.092711,0.054356,0.26213,1,0.38159,0.10292,0.10977,0.15573,0.085405,0.18417,0.070281,0.42,0.40472,0.073208,0.17727,0.17752,0.23175,0.10581,0.13938,0.10929
0.28948,0.2819,0.21228,0.2332,0.06468,0.26827,0.23225,0.29148,0.059578,0.30056,0.3127,0.26274,-0.0087661,0.23455,0.073509,0.20667,0.4681,0.19912,0.457,0.28145,0.21118,0.28747,0.32515,0.16755,0.061557,0.369,0.27761,0.32222,0.30612,0.48052,0.042322,0.038131,0.25608,0.36755,0.42726,0.30864,0.39911,0.23652,0.071704,0.26827,0.36543,0.37286,0.086751,0.28846,0.39751,0.26289,0.020082,0.36817,0.094901,0.22959,0.63093,0.38159,1,0.27879,0.20809,0.29782,0.33281,0.22274,0.08299,0.47421,0.46859,0.32686,0.33873,0.50125,0.081986,0.059955,0.25752,0.40386
0.23287,0.32463,0.23306,0.74108,0.069549,0.43883,0.33729,0.25099,0.27464,0.55698,0.23066,0.7566,0.10954,0.20119,0.20054,0.34234,0.27639,0.087934,0.22193,0.86073,0.40125,0.35441,0.42044,0.44912,0.15249,0.35665,0.33743,0.54279,0.34229,0.37906,0.067997,0.049994,0.37451,0.38134,0.29138,0.30978,0.27674,0.77035,0.06402,0.44554,0.36444,0.27381,0.29447,0.56536,0.21879,0.78201,0.10512,0.22407,0.2249,0.35496,0.29918,0.10292,0.27879,1,0.39494,0.32833,0.4214,0.46864,0.13828,0.33304,0.36555,0.54412,0.33096,0.41427,0.055514,0.054649,0.37461,0.39703
0.37958,0.27346,0.2396,0.49447,0.091708,0.39894,0.30842,0.30354,0.22439,0.40551,0.18733,0.47448,0.18566,0.29573,0.18448,0.64224,0.27874,0.14453,0.23503,0.41179,0.8609,0.30717,0.73719,0.34702,0.12155,0.26173,0.42534,0.5122,0.54416,0.45211,0.11459,0.10352,0.42807,0.47125,0.41384,0.22925,0.2248,0.4838,0.1016,0.4254,0.29429,0.33084,0.22704,0.41972,0.16693,0.49015,0.15279,0.29402,0.21449,0.64757,0.24009,0.10977,0.20809,0.39494,1,0.25038,0.80417,0.34719,0.091377,0.21145,0.39036,0.54613,0.55767,0.54551,0.088987,0.11499,0.43259,0.51736
0.14141,0.33584,0.19756,0.29529,0.068829,0.22124,0.31356,0.21663,0.29939,0.30106,0.21947,0.30428,0.067737,0.19226,0.13048,0.27257,0.20622,0.050713,0.13458,0.32844,0.27076,0.48669,0.30389,0.43606,0.21191,0.40399,0.29273,0.34409,0.26709,0.39664,0.032443,0.024732,0.30446,0.36057,0.23265,0.36282,0.33198,0.30163,0.074066,0.21866,0.41667,0.27409,0.34168,0.28964,0.26214,0.30366,0.10984,0.28375,0.13924,0.32075,0.33667,0.15573,0.29782,0.32833,0.25038,1,0.30233,0.47544,0.21922,0.48718,0.45202,0.35284,0.26621,0.43296,0.059762,0.033601,0.29967,0.37816
0.36285,0.36609,0.19843,0.50809,0.086737,0.43517,0.24826,0.34123,0.14098,0.4413,0.21213,0.48592,0.099582,0.22061,0.1509,0.63445,0.37144,0.10224,0.27009,0.43467,0.75874,0.33859,0.82209,0.28193,0.077083,0.32976,0.41735,0.61526,0.52174,0.57413,0.053538,0.073945,0.42045,0.53514,0.43936,0.32232,0.26825,0.49696,0.095352,0.46002,0.28633,0.391,0.15964,0.45794,0.20068,0.50399,0.078905,0.23894,0.19303,0.66391,0.43278,0.085405,0.33281,0.4214,0.80417,0.30233,1,0.30454,0.063546,0.30594,0.44037,0.65353,0.54726,0.68989,0.031358,0.081689,0.42526,0.58838
0.23052,0.26284,0.38758,0.43639,0.08918,0.39573,0.63112,0.26444,0.55151,0.36749,0.21817,0.48347,0.26349,0.38997,0.34595,0.33803,0.15261,0.061988,0.10133,0.46813,0.35067,0.45871,0.29445,0.83501,0.30098,0.41216,0.43203,0.43606,0.37171,0.33041,0.17402,0.08578,0.34085,0.3058,0.31585,0.27496,0.52711,0.44718,0.10019,0.39981,0.73395,0.34824,0.61996,0.35268,0.26702,0.48091,0.31802,0.52679,0.37472,0.34432,0.20196,0.18417,0.22274,0.46864,0.34719,0.47544,0.30454,1,0.29073,0.49483,0.5747,0.45456,0.371,0.35461,0.21874,0.12336,0.33647,0.31931
0.050839,0.14632,0.084216,0.092543,0.039191,0.084722,0.15599,0.024633,0.24734,0.12798,0.11874,0.11766,0.1939,0.13082,0.12133,0.097487,0.017971,0.0066779,0.01521,0.13934,0.096981,0.20361,0.050151,0.28499,0.30542,0.10525,0.22213,0.045875,0.14148,0.038102,0.082532,0.047928,0.15236,0.12864,0.088457,0.1829,0.13553,0.094603,0.049854,0.088336,0.19896,0.073699,0.25328,0.12351,0.15775,0.1103,0.2587,0.20538,0.11756,0.095673,0.039662,0.070281,0.08299,0.13828,0.091377,0.21922,0.063546,0.29073,1,0.17473,0.29756,0.060251,0.14417,0.06518,0.1067,0.073591,0.15076,0.12727
0.15713,0.2934,0.39258,0.26252,0.063424,0.2485,0.44344,0.31922,0.22588,0.33158,0.27493,0.30381,-0.021353,0.21514,0.11881,0.22043,0.30253,0.10864,0.18885,0.33173,0.21816,0.41078,0.29972,0.40697,0.13487,0.65956,0.31022,0.40292,0.2439,0.50332,-0.01116,-0.0083858,0.28117,0.32793,0.28403,0.35013,0.68755,0.2748,0.082553,0.24745,0.67918,0.42144,0.28153,0.3051,0.41682,0.29432,0.057574,0.4263,0.15257,0.23623,0.55629,0.42,0.47421,0.33304,0.21145,0.48718,0.30594,0.49483,0.17473,1,0.61968,0.41365,0.26928,0.5511,0.1064,0.019036,0.28225,0.37532
0.30074,0.33312,0.43065,0.29756,0.09137,0.31201,0.50178,0.2926,0.36324,0.33952,0.30147,0.35619,0.20928,0.44567,0.21663,0.3611,0.36446,0.20895,0.2991,0.37416,0.39239,0.42763,0.42133,0.53086,0.29759,0.48017,0.62548,0.34304,0.40668,0.44985,0.18199,0.10364,0.36556,0.37819,0.4067,0.37172,0.60079,0.29904,0.10665,0.3213,0.62706,0.40277,0.38902,0.32805,0.38466,0.34759,0.25364,0.60095,0.2297,0.37362,0.43613,0.40472,0.46859,0.36555,0.39036,0.45202,0.44037,0.5747,0.29756,0.61968,1,0.36613,0.4136,0.48092,0.24577,0.13971,0.36033,0.40651
0.28641,0.34565,0.20963,0.62445,0.092106,0.57996,0.3792,0.46838,0.16655,0.58034,0.21115,0.61681,0.050318,0.20474,0.18496,0.4805,0.30378,0.056516,0.21412,0.53979,0.53722,0.3605,0.61387,0.39476,0.061124,0.40648,0.3067,0.89374,0.40679,0.61089,0.021249,0.05291,0.34068,0.45494,0.37013,0.32953,0.34792,0.63014,0.092986,0.60238,0.47396,0.53362,0.21394,0.60303,0.21272,0.63888,0.052561,0.24561,0.24786,0.50944,0.42276,0.073208,0.32686,0.54412,0.54613,0.35284,0.65353,0.45456,0.060251,0.41365,0.36613,1,0.418,0.71827,0.01487,0.055431,0.34185,0.50006
0.5113,0.26927,0.24665,0.40145,0.094922,0.41006,0.33482,0.3009,0.23089,0.38612,0.21448,0.40905,0.18964,0.3702,0.19775,0.44185,0.33338,0.16259,0.30742,0.34394,0.53913,0.30009,0.5121,0.3552,0.15748,0.26267,0.40085,0.39374,0.71579,0.40755,0.12572,0.13256,0.46998,0.42057,0.59402,0.24561,0.27162,0.39302,0.10849,0.43991,0.36276,0.37003,0.23857,0.40595,0.23131,0.42102,0.18146,0.45691,0.22742,0.44671,0.31411,0.17727,0.33873,0.33096,0.55767,0.26621,0.54726,0.371,0.14417,0.26928,0.4136,0.418,1,0.46638,0.116,0.16469,0.49592,0.47715
0.28659,0.42554,0.20863,0.44847,0.087542,0.40617,0.29342,0.42628,0.10287,0.41757,0.26284,0.44991,-0.018981,0.20539,0.11545,0.46695,0.41227,0.086291,0.28397,0.42186,0.53988,0.42151,0.65945,0.29462,0.048725,0.48459,0.32048,0.6815,0.42786,0.77525,-0.014583,0.02994,0.39569,0.57782,0.43977,0.40888,0.41021,0.44526,0.09261,0.42282,0.44753,0.51443,0.14823,0.41957,0.30233,0.46224,-0.0021691,0.29492,0.15952,0.5112,0.62817,0.17752,0.50125,0.41427,0.54551,0.43296,0.68989,0.35461,0.06518,0.5511,0.48092,0.71827,0.46638,1,0.0016407,0.03635,0.40392,0.63469
0.13005,-0.021131,0.19504,0.020261,0.036363,0.09664,0.26063,0.091475,0.18996,0.084034,0.081915,0.058017,0.17942,0.28756,0.090883,0.056353,0.04388,0.15077,0.09742,0.059671,0.081138,0.071118,0.016114,0.22251,0.1117,0.045704,0.19753,0.0020819,0.12152,0.01964,0.24596,0.08176,0.068993,0.012981,0.11032,-0.012868,0.1895,0.021773,0.048252,0.099712,0.25536,0.11977,0.1847,0.080217,0.13904,0.051984,0.20854,0.33947,0.088297,0.038755,-0.016508,0.23175,0.081986,0.055514,0.088987,0.059762,0.031358,0.21874,0.1067,0.1064,0.24577,0.01487,0.116,0.0016407,1,0.11654,0.066679,0.015952
0.12932,0.021736,0.091521,0.068051,0.043112,0.116,0.13604,0.092977,0.10911,0.080291,0.041543,0.079756,0.13004,0.19461,0.087036,0.080641,0.041463,0.086598,0.071317,0.060138,0.10893,0.046877,0.070246,0.12533,0.079945,0.00098015,0.13451,0.049635,0.14997,0.036188,0.10826,0.094787,0.066799,0.059319,0.1266,0.015489,0.082157,0.062583,0.10699,0.13133,0.12863,0.13284,0.10773,0.085172,0.075535,0.075092,0.14007,0.2281,0.091952,0.071352,0.0020351,0.10581,0.059955,0.054649,0.11499,0.033601,0.081689,0.12336,0.073591,0.019036,0.13971,0.055431,0.16469,0.03635,0.11654,1,0.068809,0.067202
0.24365,0.28296,0.21923,0.34663,0.075823,0.27612,0.2682,0.21548,0.22881,0.31902,0.21364,0.36514,0.1309,0.22093,0.15537,0.36277,0.2545,0.11397,0.21484,0.38157,0.42863,0.31952,0.41566,0.33284,0.16556,0.29074,0.33414,0.33421,0.45343,0.36779,0.076079,0.061759,0.49176,0.39976,0.30678,0.2723,0.23947,0.34299,0.075155,0.27891,0.28716,0.23866,0.23701,0.32008,0.2192,0.36615,0.1208,0.24715,0.16991,0.3694,0.27031,0.13938,0.25752,0.37461,0.43259,0.29967,0.42526,0.33647,0.15076,0.28225,0.36033,0.34185,0.49592,0.40392,0.066679,0.068809,1,0.44614
0.26471,0.41628,0.1468,0.41941,0.083084,0.34776,0.21246,0.28667,0.15047,0.37272,0.25483,0.41745,0.059312,0.16689,0.13375,0.43826,0.35411,0.074759,0.26149,0.40649,0.51178,0.38182,0.57157,0.28917,0.12779,0.35752,0.32227,0.48406,0.44038,0.54507,0.014086,0.050263,0.41889,0.57291,0.37022,0.39381,0.24523,0.41381,0.095342,0.3595,0.28176,0.33405,0.17819,0.37446,0.28454,0.4289,0.063001,0.21562,0.16455,0.47043,0.47587,0.10929,0.40386,0.39703,0.51736,0.37816,0.58838,0.31931,0.12727,0.37532,0.40651,0.50006,0.47715,0.63469,0.015952,0.067202,0.44614,1
