9.0459,0,4.2917,1.6095,0,3.4494,8.1223,5.8331,2.9813,4.1456,2.2642,1.7626,0,8.7919,0.92349,0,6.0537,0,3.0548,1.6262,3.677,1.0726,5.5254,3.8245,0,3.5299,2.788,5.0384,8.5318,7.9,0,1.5642,3.1752,4.3315,0,0,0,0,0,0,0,0,2.0364,0,0,0,0,0,0,1.0484,0,0,0,0,0,1.3085,0,2.6186,0,0,0,2.1741,0,0,0,0,0,0
0,7.4948,3.9984,0,0,0,1.3558,1.1616,6.507,0,4.6312,0.83593,6.4117,1.4414,2.8291,4.5857,5.0944,2.5839,4.1293,0,2.0159,7.2696,3.4721,6.9981,7.5006,5.8745,9.1692,3.127,2.0177,1.2864,3.8623,1.7851,0,4.535,0,5.4441,4.2155,0,0,0,0,0,1.1729,0,2.7316,0,4.9626,0,0,2.3505,3.9303,1.1751,3.0848,0,0.37642,3.1383,2.7046,1.8663,3.9979,5.4578,7.1143,0.42483,0,0.74583,2.8685,0,0,1.8865
4.2917,3.9984,10.316,0,0,3.7845,7.9887,6.4989,2.1777,4.093,2.6892,0,0,6.6875,0,3.0141,8.7459,3.4276,6.075,0,7.1349,3.2891,9.6451,4.4382,0.71495,9.594,9.848,6.8602,4.2438,6.7557,0.60806,0,2.3857,5.7378,0,4.7901,7.0721,0,0,0,0,0,1.0905,0,0,0,0,0,0,3.1712,5.6237,0,3.051,0,0.80148,3.6061,5.7109,0.96199,0.88843,5.748,7.8836,0,0,0,0,0,0,2.3099
1.6095,0,0,9.9736,3.5604,5.4336,4.8768,4.2801,7.1326,8.6522,0,8.2758,1.2494,3.6836,5.73,0,0,0,0,9.9426,0,0.80185,0,8.1115,0,0,0,9.3528,4.4703,1.0934,0,0.94133,1.2714,3.888,0,0,0,3.2941,0,1.5523,2.5507,0,5.438,2.3543,0,4.7126,0,0,1.5423,0,0,0,0,4.251,0,0,0,6.5134,0,0,0,4.0412,0,0,0,0,0,0
0,0,0,3.5604,6.6649,6.2033,2.0088,2.9203,4.5709,3.2531,1.1789,4.7855,1.1875,1.0072,6.45,0,0,0,0,3.5103,0,1.6917,0,4.8509,0,0,0,3.6007,1.5256,0,0,5.4933,0,5.608,0,0,0,0,0,0,0,0,1.1573,0,0,1.298,0,0,0,0,0,0,0,0,0,0,0,0.93594,0,0,0,0,0,0,0,0,0,0
3.4494,0,3.7845,5.4336,6.2033,10.141,7.8347,8.8597,5.8421,9.4874,3.6825,9.0169,3.3941,6.5756,7.2098,0,2.3131,1.286,0.61238,6.1489,3.0764,1.376,3.9189,5.876,0,2.1901,1.4022,7.3179,5.8229,4.0839,0,5.8961,2.2509,5.5572,0,0,0,1.5616,0,1.6587,0,0,4.5296,0,0,3.6165,0,0,1.2022,0,0,0,0,2.3949,0,0.99051,0,5.1599,0,0,0,3.0854,0,0,0,0,0,0
8.1223,1.3558,7.9887,4.8768,2.0088,7.8347,10.995,8.6321,5.7122,9.5309,1.4567,5.2556,2.5065,9.3628,4.3123,1.9984,5.7038,0,2.1292,4.253,6.8362,2.8679,7.6882,6.9696,0,5.5175,5.857,10.458,7.9745,9.1899,0,2.358,5.4071,6.5363,0,1.0266,0,0,0,0,3.5057,0,5.1034,0,0,2.8204,0,0,0,1.9774,0,0,0,2.8098,1.1692,3.0238,0,6.3732,0,0,0,5.0825,0,2.0382,0,0,0,0
5.8331,1.1616,6.4989,4.2801,2.9203,8.8597,8.6321,9.9806,5.6101,8.4503,4.1946,6.9976,3.5284,9.2425,4.5364,0,6.2994,2.1637,2.2256,5.5372,5.0129,2.0491,6.7184,6.1352,0.65768,4.4117,3.4671,7.0798,6.3716,6.865,0.93861,5.711,2.94,5.5105,0,0,0,0,0,0,0,0,5.0209,0,0,2.7673,0,0,0,0,0,0,0,0,0,2.1867,0,5.0474,0,0,0,3.0823,0,0,0,0,0,0
2.9813,6.507,2.1777,7.1326,4.5709,5.8421,5.7122,5.6101,8.5084,7.2474,2.883,7.1902,4.9464,5.0348,6.5737,3.41,2.8995,0,0.8741,6.8307,2.4253,7.7986,3.0403,9.4309,6.3723,3.0422,7.6681,7.8241,5.5206,4.8634,1.5161,2.6682,3.3805,4.634,1.8763,2.4591,1.1204,4.6197,0.92479,3.251,4.5204,3.597,6.0174,5.2786,0,4.5784,0.94608,3.1185,1.9798,3.8104,0.80029,0,0,5.1255,2.7997,4.4762,2.3014,6.7866,1.4416,0,2.8375,6.5064,3.6855,3.8549,0,0,1.8704,2.9051
4.1456,0,4.093,8.6522,3.2531,9.4874,9.5309,8.4503,7.2474,11.65,1.9762,9.0907,2.7752,7.9275,5.4167,0,2.2504,0,0,8.9496,2.7876,1.0359,3.4883,6.5507,0,2.1043,2.0645,9.4424,7.2582,3.4459,0,3.1046,2.9133,6.6939,0,0,0,0,0,0,2.8265,0,6.1245,0,0,5.1307,0,0,1.7709,0,0,0,0,4.2493,0,1.0335,0,6.7113,0,0,0,3.7026,0,0,0,0,0,0
2.2642,4.6312,2.6892,0,1.1789,3.6825,1.4567,4.1946,2.883,1.9762,9.6297,3.571,7.2859,5.5321,1.6867,0.63899,5.8019,8.5067,7.5041,1.2707,2.9374,4.1391,4.125,1.3038,5.1078,7.9771,6.1989,1.1768,6.1994,2.3539,5.5683,5.4022,1.0565,8.2606,0,3.4279,0,0,0,0,0,0,0,0,4.0675,0,5.9759,0,0,0,0,2.1542,0.91541,0,0,1.2376,0,0,4.0766,4.6352,5.1397,0,0,0,4.6416,0,0,2.1382
1.7626,0.83593,0,8.2758,4.7855,9.0169,5.2556,6.9976,7.1902,9.0907,3.571,10.779,3.389,6.4575,7.1397,0,0,0,0,9.2647,0,1.3567,0,7.2102,0,0,1.1412,7.438,6.0857,1.0057,0,4.2941,0.65234,6.135,0,0,0,4.0336,0,2.6596,2.5682,0,4.8049,3.7573,0,4.8898,0,0,2.4415,0,0,0,0,4.9422,0,0,0,5.5685,0,0,0,4.5473,0,0,0,0,0,0
0,6.4117,0,1.2494,1.1875,3.3941,2.5065,3.5284,4.9464,2.7752,7.2859,3.389,8.542,3.8722,1.788,0.86728,0.77126,2.9834,1.6749,2.4497,0,6.015,1.0814,3.4321,7.8541,4.9535,7.9148,2.6365,4.3178,1.5933,6.4824,4.7166,0,6.2366,0,4.9539,0,0,0,0,0,0,1.3317,0,5.1964,0,7.5007,0,0,0,0,2.6315,1.0969,0,0,2.4397,0,0,5.8378,5.1947,6.3749,0,1.2618,0,5.7191,1.1142,0,3.2368
8.7919,1.4414,6.6875,3.6836,1.0072,6.5756,9.3628,9.2425,5.0348,7.9275,5.5321,6.4575,3.8722,10.048,3.3013,0.59608,7.0841,3.5715,3.7011,5.1425,5.3374,2.3235,7.2138,5.5468,1.2279,5.2888,4.0984,6.8057,8.7882,8.2146,1.5464,5.1979,3.6272,6.23,0,0,0,0,0,0,0,0,3.9662,0,0,0,0.64383,0,0,1.1467,0,0,0,0,0,1.9632,0,3.6884,0,0,0,2.1805,0,0,0,0,0,0
0.92349,2.8291,0,5.73,6.45,7.2098,4.3123,4.5364,6.5737,5.4167,1.6867,7.1397,1.788,3.3013,7.3789,0,0,0,0,5.4021,1.4635,3.754,1.1999,6.9519,1.0512,0,3.3763,5.958,3.4045,2.0284,0,4.212,1.5128,3.078,0,0,0,1.92,0,1.3913,0,0,3.0292,1.8979,0,2.2797,0,0,1.081,1.0132,0,0,0,2.5047,0,1.6205,0,3.4936,0,0,0,2.3509,0,0,0,0,0,0
0,4.5857,3.0141,0,0,0,1.9984,0,3.41,0,0.63899,0,0.86728,0.59608,0,9.4109,4.1606,0,1.7692,0,8.1253,8.1573,8.7389,7.6245,2.0885,3.0172,8.5214,6.8613,1.515,4.0051,0,0,0.92156,3.5329,0,3.0042,3.4005,0,0,0,0.64853,0,2.1669,0,0,0,0,0,0,8.0257,0.96525,0,0,0,6.0247,6.7995,7.6613,5.3681,0,0.42601,6.7577,4.3738,2.0125,4.4877,0,0,1.5239,2.0165
6.0537,5.0944,8.7459,0,0,2.3131,5.7038,6.2994,2.8995,2.2504,5.8019,0,0.77126,7.0841,0,4.1606,9.5448,5.8863,8.9636,0,6.6719,4.3407,9.0236,4.2944,1.3725,8.8453,8.9678,5.432,7.159,7.7797,0.88294,0.65438,4.489,8.2224,0,4.6339,5.6598,0,0,0,0,0,0.82563,0,0,0,0,0,0,1.664,4.3983,0,2.8355,0,0,3.1962,3.1902,0,1.3339,5.4926,7.0038,0,0,0,0,0,0,1.5182
0,2.5839,3.4276,0,0,1.286,0,2.1637,0,0,8.5067,0,2.9834,3.5715,0,0,5.8863,8.1887,8.2932,0,2.054,1.5081,3.7901,0,2.7814,8.2289,6.0351,0,4.304,1.8924,3.6621,2.9403,0.86798,6.414,0,1.842,0,0,0,0,0,0,0,0,2.1374,0,3.9232,0,0,0,0,2.0801,1.3459,0,0,0,0,0,2.6641,4.636,4.8713,0,0,0,3.4989,0,0,0
3.0548,4.1293,6.075,0,0,0.61238,2.1292,2.2256,0.8741,0,7.5041,0,1.6749,3.7011,0,1.7692,8.9636,8.2932,9.4664,0,4.7541,2.3856,6.0955,0.69537,2.7547,9.0378,7.6125,2.4025,5.2419,4.9863,2.4784,1.5313,2.443,7.6646,0,3.6043,3.026,0,0,0,0,0,0,0,0.85534,0,1.9188,0,0,0,2.5841,1.7268,3.0166,0,0,1.0127,0,0,2.5076,5.6632,6.0237,0,0,0,1.9451,0,0,0.70271
1.6262,0,0,9.9426,3.5103,6.1489,4.253,5.5372,6.8307,8.9496,1.2707,9.2647,2.4497,5.1425,5.4021,0,0,0,0,9.2432,0,0.41368,0,6.7486,0,0,0,8.2718,5.1534,0.64301,0,1.9658,0.74222,4.9472,0,0,0,3.6669,0,2.7065,3.5418,0,5.4409,3.7997,0,5.2186,0,0,2.1481,0,0,0,0,4.8907,0,0,0,6.7979,0,0,0,4.725,0,0,0,0,0,0
3.677,2.0159,7.1349,0,0,3.0764,6.8362,5.0129,2.4253,2.7876,2.9374,0,0,5.3374,1.4635,8.1253,6.6719,2.054,4.7541,0,10.738,5.0393,10.448,5.485,0,5.0875,6.9332,9.0159,5.7196,9.5015,0,0,4.5772,8.1524,0,1.1493,1.5576,0,0,0,1.0262,0,2.1935,0,0,0,0,0,0,6.2782,0,0,0,0,5.2718,5.2095,4.7236,5.0085,0,0,3.6714,4.2809,2.511,4.6915,0,0,1.7774,2.0691
1.0726,7.2696,3.2891,0.80185,1.6917,1.376,2.8679,2.0491,7.7986,1.0359,4.1391,1.3567,6.015,2.3235,3.754,8.1573,4.3407,1.5081,2.3856,0.41368,5.0393,8.4492,5.9006,8.8516,6.6157,4.1635,8.6153,5.8988,2.84,3.5696,3.2028,0,1.1028,4.0108,1.0453,3.9448,3.7748,0,0,0,2.0271,1.2144,3.4811,0,1.4212,0,3.6317,1.7292,0,5.7719,2.3011,0,0.71928,0,3.8957,5.8034,4.9806,4.9538,2.6061,2.4913,6.2086,4.2863,2.2934,3.2947,0,0,0.92454,1.6689
5.5254,3.4721,9.6451,0,0,3.9189,7.6882,6.7184,3.0403,3.4883,4.125,0,1.0814,7.2138,1.1999,8.7389,9.0236,3.7901,6.0955,0,10.448,5.9006,11.116,6.0259,0.1595,7.397,9.6219,8.2087,6.3792,8.6954,0,0,4.3862,8.3312,0,3.5583,6.2873,0,0,0,0,0,2.0544,0,0,0,0,0,0,7.6959,2.8025,0,0,0,5.0793,6.068,8.1791,3.7522,0,1.9833,7.9864,2.2149,0,2.9061,0,0,0,1.8691
3.8245,6.9981,4.4382,8.1115,4.8509,5.876,6.9696,6.1352,9.4309,6.5507,1.3038,7.2102,3.4321,5.5468,6.9519,7.6245,4.2944,0,0.69537,6.7486,5.485,8.8516,6.0259,10.408,6.0653,3.8469,8.5695,9.1054,6.431,6.2282,0,2.3655,4.6714,5.5834,2.5791,3.3599,1.115,4.889,0.30619,3.3614,6.0297,3.9991,7.0774,5.0548,0,4.9783,0,2.7716,2.4323,6.6314,0,0,0,5.7974,5.3609,6.5607,4.4051,8.5991,0,0,4.3762,7.9303,4.2043,5.6754,0,0,3.2374,3.625
0,7.5006,0.71495,0,0,0,0,0.65768,6.3723,0,5.1078,0,7.8541,1.2279,1.0512,2.0885,1.3725,2.7814,2.7547,0,0,6.6157,0.1595,6.0653,8.2533,5.4667,8.6681,0,1.7192,0,4.5884,1.9414,0,4.03,0,4.1997,0.8806,0,0,0,0,0,0.52724,0,3.5311,0,6.0578,0,0,0,1.1917,2.298,2.3684,0,0,1.6342,0,0,5.1369,5.5816,6.6109,0,0,0,4.5126,0,0,2.1619
3.5299,5.8745,9.594,0,0,2.1901,5.5175,4.4117,3.0422,2.1043,7.9771,0,4.9535,5.2888,0,3.0172,8.8453,8.2289,9.0378,0,5.0875,4.1635,7.397,3.8469,5.4667,11.498,10.073,4.5077,5.0361,5.3057,6.3401,3.0799,1.6055,7.0778,0,6.0212,5.7059,0,0,0,0,0,0,0,4.3542,0,6.461,0,0,0.55267,5.4725,4.6901,5.797,0,0,2.6646,2.1453,0,5.786,8.4397,8.8634,0,0,0,6.2819,0,0,2.9088
2.788,9.1692,9.848,0,0,1.4022,5.857,3.4671,7.6681,2.0645,6.1989,1.1412,7.9148,4.0984,3.3763,8.5214,8.9678,6.0351,7.6125,0,6.9332,8.6153,9.6219,8.5695,8.6681,10.073,11.65,7.8412,4.38,5.4868,7.2047,1.6232,2.3274,7.5725,0,7.7313,7.896,0,0,0,0,0,2.4785,0,4.5603,0,7.1749,0,0,6.7651,6.8226,4.3375,6.0131,0,3.1707,6.6608,7.9375,3.5146,6.7009,8.6707,10.193,1.5594,0,1.1195,6.2213,0,0,4.1359
5.0384,3.127,6.8602,9.3528,3.6007,7.3179,10.458,7.0798,7.8241,9.4424,1.1768,7.438,2.6365,6.8057,5.958,6.8613,5.432,0,2.4025,8.2718,9.0159,5.8988,8.2087,9.1054,0,4.5077,7.8412,11.226,7.8398,9.3131,0,0.85511,6.4152,7.3994,2.2208,1.7768,0.49957,2.8773,0,2.4147,4.9545,0,6.8977,2.8859,0,4.9193,0,1.859,1.9833,5.7777,0,0,0,4.1579,4.825,5.6376,2.9792,8.2923,0,0,2.8114,7.0859,3.4852,5.1298,0,0,2.6662,2.9496
8.5318,2.0177,4.2438,4.4703,1.5256,5.8229,7.9745,6.3716,5.5206,7.2582,6.1994,6.0857,4.3178,8.7882,3.4045,1.515,7.159,4.304,5.2419,5.1534,5.7196,2.84,6.3792,6.431,1.7192,5.0361,4.38,7.8398,10.468,8.8168,2.1143,5.9469,8.3453,8.0029,0,0,0,0,0,0,2.0071,0,4.3883,0,0,0,1.4238,0,0,2.9788,0,0,0,0,2.4209,2.9854,0,4.3544,0,0,0,3.6306,1.6252,2.4414,0,0,1.1226,1.4435
7.9,1.2864,6.7557,1.0934,0,4.0839,9.1899,6.865,4.8634,3.4459,2.3539,1.0057,1.5933,8.2146,2.0284,4.0051,7.7797,1.8924,4.9863,0.64301,9.5015,3.5696,8.6954,6.2282,0,5.3057,5.4868,9.3131,8.8168,10.642,0,1.3086,6.5473,7.9931,1.2018,0.81364,0,0,0,0,2.5429,0,4.1897,0,0,0,0,0,0,5.0093,0,0,0,0,4.5003,4.156,2.5127,5.8156,0,0,0.90659,5.2091,2.6195,4.093,0,0,2.0847,2.3898
0,3.8623,0.60806,0,0,0,0,0.93861,1.5161,0,5.5683,0,6.4824,1.5464,0,0,0.88294,3.6621,2.4784,0,0,3.2028,0,0,4.5884,6.3401,7.2047,0,2.1143,0,5.9865,1.9693,0,3.631,0,3.6827,0,0,0,0,0,0,0,0,4.033,0,6.5198,0,0,0,0,2.5646,1.1393,0,0,0,0,0,4.5985,5.4287,6.2477,0,0,0,5.4302,0,0,1.4184
1.5642,1.7851,0,0.94133,5.4933,5.8961,2.358,5.711,2.6682,3.1046,5.4022,4.2941,4.7166,5.1979,4.212,0,0.65438,2.9403,1.5313,1.9658,0,0,0,2.3655,1.9414,3.0799,1.6232,0.85511,5.9469,1.3086,1.9693,6.5507,0,7.6869,0,0,0,0,0,0,0,0,0,0,0,0,1.3645,0,0,0,0,0,0,0,0,0,0,0,0,0,0,0,0,0,0,0,0,0
3.1752,0,2.3857,1.2714,0,2.2509,5.4071,2.94,3.3805,2.9133,1.0565,0.65234,0,3.6272,1.5128,0.92156,4.489,0.86798,2.443,0.74222,4.5772,1.1028,4.3862,4.6714,0,1.6055,2.3274,6.4152,8.3453,6.5473,0,0,7.8386,7.2496,0,0,0,0,0,0,1.0984,0,2.2048,0,0,0,0,0,0,2.0808,0,0,0,0,2.0069,1.4742,0,3.2163,0,0,0,2.6269,1.3339,1.9395,0,0,0,0
4.3315,4.535,5.7378,3.888,5.608,5.5572,6.5363,5.5105,4.634,6.6939,8.2606,6.135,6.2366,6.23,3.078,3.5329,8.2224,6.414,7.6646,4.9472,8.1524,4.0108,8.3312,5.5834,4.03,7.0778,7.5725,7.3994,8.0029,7.9931,3.631,7.6869,7.2496,9.2842,0,3.2135,3.5921,0,0,0,1.8658,0,3.6492,0,1.7856,0,3.1376,0,0,3.0558,2.4039,0,1.5593,0,2.681,2.6161,2.988,3.9311,2.2477,3.7466,5.3683,3.0484,1.378,2.6577,1.2608,0,0.87821,1.7515
0,0,0,0,0,0,0,0,1.8763,0,0,0,0,0,0,0,0,0,0,0,0,1.0453,0,2.5791,0,0,0,2.2208,0,1.2018,0,0,0,0,8.6706,1.2127,3.2449,1.6466,0,2.7382,8.0975,5.2798,3.3945,3.9245,2.2371,2.0461,0,8.4884,0.70887,1.7098,4.6124,1.7009,3.3213,1.9817,3.4383,1.9692,3.9105,4.4113,0,3.5858,2.616,5.601,8.2645,7.7142,0,1.3308,3.112,4.4983
0,5.4441,4.7901,0,0,0,1.0266,0,2.4591,0,3.4279,0,4.9539,0,0,3.0042,4.6339,1.842,3.6043,0,1.1493,3.9448,3.5583,3.3599,4.1997,6.0212,7.7313,1.7768,0,0.81364,3.6827,0,0,3.2135,1.2127,8.0807,4.2735,0,0,0,2.6403,1.2479,6.7304,0,4.2008,0.64846,5.8985,2.3338,2.8037,5.1972,5.2758,2.478,4.3375,0,2.5163,7.4758,4.5897,6.9747,7.6398,5.8321,9.2775,3.0504,1.9009,2.728,3.2092,0.87165,0,3.9853
0,4.2155,7.0721,0,0,0,0,0,1.1204,0,0,0,0,0,0,3.4005,5.6598,0,3.026,0,1.5576,3.7748,6.2873,1.115,0.8806,5.7059,7.896,0.49957,0,0,0,0,0,3.5921,3.2449,4.2735,10.012,0,0,2.9024,8.2839,5.928,1.9828,3.354,2.1538,0,0,6.3679,0,3.5552,8.5354,3.3031,6.0211,0,6.6144,3.2676,9.4619,4.3619,0.84689,9.3191,9.7746,6.8692,3.0428,5.9889,0.33374,0,1.5817,4.6124
0,0,0,3.2941,0,1.5616,0,0,4.6197,0,0,4.0336,0,0,1.92,0,0,0,0,3.6669,0,0,0,4.889,0,0,0,2.8773,0,0,0,0,0,0,1.6466,0,0,10.202,2.6469,5.2559,4.2971,4.3328,6.7838,8.7828,0,8.0543,0,3.992,4.8523,0,0,0,0,10.07,0,0,0,8.3794,0,0,0,9.3351,4.4146,1.1852,0,0,1.1026,3.8649
0,0,0,0,0,0,0,0,0.92479,0,0,0,0,0,0,0,0,0,0,0,0,0,0,0.30619,0,0,0,0,0,0,0,0,0,0,0,0,0,2.6469,6.5705,5.9385,1.7986,3.2343,4.4002,2.6835,1.5973,4.1616,0,1.3694,6.5945,0,0,0,0,3.0361,0,1.5224,0,5.1538,0,0,0,3.3381,0.83678,0,0,5.2662,0,5.7688
0,0,0,1.5523,0,1.6587,0,0,3.251,0,0,2.6596,0,0,1.3913,0,0,0,0,2.7065,0,0,0,3.3614,0,0,0,2.4147,0,0,0,0,0,0,2.7382,0,2.9024,5.2559,5.9385,10.163,7.8159,8.7784,5.6874,9.605,3.8713,8.8456,0.90232,6.4905,7.3069,0,0,0.89184,0,6.1814,2.4593,1.617,2.888,6.0432,0,1.3074,0.94139,7.6133,5.5434,2.7073,0,5.4532,1.5144,5.4836
0,0,0,2.5507,0,0,3.5057,0,4.5204,2.8265,0,2.5682,0,0,0,0.64853,0,0,0,3.5418,1.0262,2.0271,0,6.0297,0,0,0,4.9545,2.0071,2.5429,0,0,1.0984,1.8658,8.0975,2.6403,8.2839,4.2971,1.7986,7.8159,11.272,8.8525,5.8288,9.5179,2.634,5.2316,0,9.6465,4.2774,2.7408,7.4029,1.9373,5.2217,4.4395,7.1147,3.5593,8.3403,6.9766,0,6.6318,6.3083,10.386,8.0129,9.442,0,1.684,5.1741,6.6824
0,0,0,0,0,0,0,0,3.597,0,0,0,0,0,0,0,0,0,0,0,0,1.2144,0,3.9991,0,0,0,0,0,0,0,0,0,0,5.2798,1.2479,5.928,4.3328,3.2343,8.7784,8.8525,9.8452,5.4313,8.4254,4.5802,7.0366,2.0274,9.4156,5.1813,1.8128,4.222,1.8645,1.1505,5.7948,4.569,2.6846,5.7686,6.1453,0,3.9416,2.5964,7.2152,6.0935,6.1535,0.94685,5.6404,2.4781,5.7165
2.0364,1.1729,1.0905,5.438,1.1573,4.5296,5.1034,5.0209,6.0174,6.1245,0,4.8049,1.3317,3.9662,3.0292,2.1669,0.82563,0,0,5.4409,2.1935,3.4811,2.0544,7.0774,0.52724,0,2.4785,6.8977,4.3883,4.1897,0,0,2.2048,3.6492,3.3945,6.7304,1.9828,6.7838,4.4002,5.6874,5.8288,5.4313,8.6116,6.9401,2.1441,7.0363,3.3968,5.2427,6.304,3.0945,2.8009,0,1.2419,6.8901,1.848,7.6998,2.5033,9.454,5.6715,2.5737,7.3404,7.9063,5.6945,5.0251,0,2.0841,3.339,4.5892
0,0,0,2.3543,0,0,0,0,5.2786,0,0,3.7573,0,0,1.8979,0,0,0,0,3.7997,0,0,0,5.0548,0,0,0,2.8859,0,0,0,0,0,0,3.9245,0,3.354,8.7828,2.6835,9.605,9.5179,8.4254,6.9401,11.643,2.4421,9.2482,0,7.7808,5.1647,0,0,0,0,9.2345,2.0478,0.77616,2.8724,6.8585,0,0,1.9764,9.6311,7.1266,2.8705,0,2.0948,2.6097,6.5085
0,2.7316,0,0,0,0,0,0,0,0,4.0675,0,5.1964,0,0,0,0,2.1374,0.85534,0,0,1.4212,0,0,3.5311,4.3542,4.5603,0,0,0,4.033,0,0,1.7856,2.2371,4.2008,2.1538,0,1.5973,3.8713,2.634,4.5802,2.1441,2.4421,9.3971,4.0199,7.5396,6.2146,2.2868,0.65559,5.0958,8.3106,6.5066,2.0634,3.415,2.7238,4.2892,1.3131,5.1868,7.6309,5.2933,1.5615,7.0148,3.8177,6.0454,5.6072,1.1918,8.5285
0,0,0,4.7126,1.298,3.6165,2.8204,2.7673,4.5784,5.1307,0,4.8898,0,0,2.2797,0,0,0,0,5.2186,0,0,0,4.9783,0,0,0,4.9193,0,0,0,0,0,0,2.0461,0.64846,0,8.0543,4.1616,8.8456,5.2316,7.0366,7.0363,9.2482,4.0199,10.782,0,6.839,7.0823,0,0,0,0,9.6168,0,1.4523,0,7.6735,0,0,0.95224,7.5771,6.3838,1.1766,0,3.5605,0.73731,6.1504
0,4.9626,0,0,0,0,0,0,0.94608,0,5.9759,0,7.5007,0.64383,0,0,0,3.9232,1.9188,0,0,3.6317,0,0,6.0578,6.461,7.1749,0,1.4238,0,6.5198,1.3645,0,3.1376,0,5.8985,0,0,0,0.90232,0,2.0274,3.3968,0,7.5396,0,8.84,3.3727,0,0.28836,0.77098,3.1768,1.5994,0,0,4.4032,0,2.3014,7.8698,5.0534,7.9638,0,4.6555,0,6.6299,3.9816,0,6.3119
0,0,0,0,0,0,0,0,3.1185,0,0,0,0,0,0,0,0,0,0,0,0,1.7292,0,2.7716,0,0,0,1.859,0,0,0,0,0,0,8.4884,2.3338,6.3679,3.992,1.3694,6.4905,9.6465,9.4156,5.2427,7.7808,6.2146,6.839,3.3727,10.204,3.9994,2.4353,6.0131,3.4425,3.2476,5.7298,5.0298,3.2878,6.2413,6.0324,0.74825,5.3076,3.614,7.2038,8.6764,7.9667,2.3065,5.3236,3.3215,6.4539
0,0,0,1.5423,0,1.2022,0,0,1.9798,1.7709,0,2.4415,0,0,1.081,0,0,0,0,2.1481,0,0,0,2.4323,0,0,0,1.9833,0,0,0,0,0,0,0.70887,2.8037,0,4.8523,6.5945,7.3069,4.2774,5.1813,6.304,5.1647,2.2868,7.0823,0,3.9994,7.5076,0.91049,0,0,0,5.1439,1.6038,3.5373,0,6.9169,0.52921,0,2.9952,5.6687,3.6052,1.4869,0,3.6453,1.1823,3.6647
1.0484,2.3505,3.1712,0,0,0,1.9774,0,3.8104,0,0,0,0,1.1467,1.0132,8.0257,1.664,0,0,0,6.2782,5.7719,7.6959,6.6314,0,0.55267,6.7651,5.7777,2.9788,5.0093,0,0,2.0808,3.0558,1.7098,5.1972,3.5552,0,0,0,2.7408,1.8128,3.0945,0,0.65559,0,0.28836,2.4353,0.91049,9.9208,4.129,0,1.9324,0,8.3825,8.6671,8.6342,8.2367,1.7547,3.0495,8.7269,7.0145,3.4672,5.2737,0,0,1.9513,3.7204
0,3.9303,5.6237,0,0,0,0,0,0.80029,0,0,0,0,0,0,0.96525,4.3983,0,2.5841,0,0,2.3011,2.8025,0,1.1917,5.4725,6.8226,0,0,0,0,0,0,2.4039,4.6124,5.2758,8.5354,0,0,0,7.4029,4.222,2.8009,0,5.0958,0,0.77098,6.0131,0,4.129,8.9205,5.8328,8.6729,0,6.2817,3.8017,8.9097,3.9775,0.93549,8.4669,8.6342,5.6952,5.099,7.8858,1.0298,0,2.3628,7.7653
0,1.1751,0,0,0,0,0,0,0,0,2.1542,0,2.6315,0,0,0,0,2.0801,1.7268,0,0,0,0,0,2.298,4.6901,4.3375,0,0,0,2.5646,0,0,0,1.7009,2.478,3.3031,0,0,0.89184,1.9373,1.8645,0,0,8.3106,0,3.1768,3.4425,0,0,5.8328,8.2422,8.1624,0,3.6097,0.58082,4.7867,0,2.3975,7.97,5.7946,0,4.2905,4.2566,4.2719,2.4849,0.74212,6.4676
0,3.0848,3.051,0,0,0,0,0,0,0,0.91541,0,1.0969,0,0,0,2.8355,1.3459,3.0166,0,0,0.71928,0,0,2.3684,5.797,6.0131,0,0,0,1.1393,0,0,1.5593,3.3213,4.3375,6.0211,0,0,0,5.2217,1.1505,1.2419,0,6.5066,0,1.5994,3.2476,0,1.9324,8.6729,8.1624,9.3012,0,5.1569,2.4105,6.4023,1.0636,2.1626,8.9553,7.5749,2.8975,4.5782,6.6942,2.4676,0.68776,1.7992,7.6016
0,0,0,4.251,0,2.3949,2.8098,0,5.1255,4.2493,0,4.9422,0,0,2.5047,0,0,0,0,4.8907,0,0,0,5.7974,0,0,0,4.1579,0,0,0,0,0,0,1.9817,0,0,10.07,3.0361,6.1814,4.4395,5.7948,6.8901,9.2345,2.0634,9.6168,0,5.7298,5.1439,0,0,0,0,9.5008,0,0,0,7.5187,0,0,0,8.27,5.6145,1.0958,0,1.5094,0.92081,5.1487
0,0.37642,0.80148,0,0,0,1.1692,0,2.7997,0,0,0,0,0,0,6.0247,0,0,0,0,5.2718,3.8957,5.0793,5.3609,0,0,3.1707,4.825,2.4209,4.5003,0,0,2.0069,2.681,3.4383,2.5163,6.6144,0,0,2.4593,7.1147,4.569,1.848,2.0478,3.415,0,0,5.0298,1.6038,8.3825,6.2817,3.6097,5.1569,0,10.663,5.4155,10.319,5.9318,0,5.1124,6.5466,9.2232,5.5247,9.432,0,0,4.3208,7.9181
1.3085,3.1383,3.6061,0,0,0.99051,3.0238,2.1867,4.4762,1.0335,1.2376,0,2.4397,1.9632,1.6205,6.7995,3.1962,0,1.0127,0,5.2095,5.8034,6.068,6.5607,1.6342,2.6646,6.6608,5.6376,2.9854,4.156,0,0,1.4742,2.6161,1.9692,7.4758,3.2676,0,1.5224,1.617,3.5593,2.6846,7.6998,0.77616,2.7238,1.4523,4.4032,3.2878,3.5373,8.6671,3.8017,0.58082,2.4105,0,5.4155,8.7944,6.3267,8.8425,5.9135,3.7017,8.6306,5.9019,3.8469,4.7897,1.5092,0,1.7801,3.3816
0,2.7046,5.7109,0,0,0,0,0,2.3014,0,0,0,0,0,0,7.6613,3.1902,0,0,0,4.7236,4.9806,8.1791,4.4051,0,2.1453,7.9375,2.9792,0,2.5127,0,0,0,2.988,3.9105,4.5897,9.4619,0,0,2.888,8.3403,5.7686,2.5033,2.8724,4.2892,0,0,6.2413,0,8.6342,8.9097,4.7867,6.4023,0,10.319,6.3267,11.013,6.1464,0.81948,7.4603,9.6201,8.3562,5.0067,8.3534,0,0,3.4129,7.8136
2.6186,1.8663,0.96199,6.5134,0.93594,5.1599,6.3732,5.0474,6.7866,6.7113,0,5.5685,0,3.6884,3.4936,5.3681,0,0,0,6.7979,5.0085,4.9538,3.7522,8.5991,0,0,3.5146,8.2923,4.3544,5.8156,0,0,3.2163,3.9311,4.4113,6.9747,4.3619,8.3794,5.1538,6.0432,6.9766,6.1453,9.454,6.8585,1.3131,7.6735,2.3014,6.0324,6.9169,8.2367,3.9775,0,1.0636,7.5187,5.9318,8.8425,6.1464,10.705,5.1551,3.2237,8.2179,9.5598,6.7307,6.4707,0,2.0763,4.658,5.6214
0,3.9979,0.88843,0,0,0,0,0,1.4416,0,4.0766,0,5.8378,0,0,0,1.3339,2.6641,2.5076,0,0,2.6061,0,0,5.1369,5.786,6.7009,0,0,0,4.5985,0,0,2.2477,0,7.6398,0.84689,0,0,0,0,0,5.6715,0,5.1868,0,7.8698,0.74825,0.52921,1.7547,0.93549,2.3975,2.1626,0,0,5.9135,0.81948,5.1551,8.1068,5.0441,8.3536,0,1.6352,0,3.885,1.299,0,4.0297
0,5.4578,5.748,0,0,0,0,0,0,0,4.6352,0,5.1947,0,0,0.42601,5.4926,4.636,5.6632,0,0,2.4913,1.9833,0,5.5816,8.4397,8.6707,0,0,0,5.4287,0,0,3.7466,3.5858,5.8321,9.3191,0,0,1.3074,6.6318,3.9416,2.5737,0,7.6309,0,5.0534,5.3076,0,3.0495,8.4669,7.97,8.9553,0,5.1124,3.7017,7.4603,3.2237,5.0441,11.198,9.7801,4.4619,4.5847,6.2294,6.8863,2.5738,1.1765,6.3608
0,7.1143,7.8836,0,0,0,0,0,2.8375,0,5.1397,0,6.3749,0,0,6.7577,7.0038,4.8713,6.0237,0,3.6714,6.2086,7.9864,4.3762,6.6109,8.8634,10.193,2.8114,0,0.90659,6.2477,0,0,5.3683,2.616,9.2775,9.7746,0,0,0.94139,6.3083,2.5964,7.3404,1.9764,5.2933,0.95224,7.9638,3.614,2.9952,8.7269,8.6342,5.7946,7.5749,0,6.5466,8.6306,9.6201,8.2179,8.3536,9.7801,11.557,7.3995,3.6377,5.7974,7.0347,0.91658,1.8637,6.4902
2.1741,0.42483,0,4.0412,0,3.0854,5.0825,3.0823,6.5064,3.7026,0,4.5473,0,2.1805,2.3509,4.3738,0,0,0,4.725,4.2809,4.2863,2.2149,7.9303,0,0,1.5594,7.0859,3.6306,5.2091,0,0,2.6269,3.0484,5.601,3.0504,6.8692,9.3351,3.3381,7.6133,10.386,7.2152,7.9063,9.6311,1.5615,7.5771,0,7.2038,5.6687,7.0145,5.6952,0,2.8975,8.27,9.2232,5.9019,8.3562,9.5598,0,4.4619,7.3995,11.204,8.0391,9.129,0,0,6.3056,7.3268
0,0,0,0,0,0,0,0,3.6855,0,0,0,1.2618,0,0,2.0125,0,0,0,0,2.511,2.2934,0,4.2043,0,0,0,3.4852,1.6252,2.6195,0,0,1.3339,1.378,8.2645,1.9009,3.0428,4.4146,0.83678,5.5434,8.0129,6.0935,5.6945,7.1266,7.0148,6.3838,4.6555,8.6764,3.6052,3.4672,5.099,4.2905,4.5782,5.6145,5.5247,3.8469,5.0067,6.7307,1.6352,4.5847,3.6377,8.0391,10.316,8.5924,3.1091,5.3189,8.1308,8.0147
0,0.74583,0,0,0,0,2.0382,0,3.8549,0,0,0,0,0,0,4.4877,0,0,0,0,4.6915,3.2947,2.9061,5.6754,0,0,1.1195,5.1298,2.4414,4.093,0,0,1.9395,2.6577,7.7142,2.728,5.9889,1.1852,0,2.7073,9.442,6.1535,5.0251,2.8705,3.8177,1.1766,0,7.9667,1.4869,5.2737,7.8858,4.2566,6.6942,1.0958,9.432,4.7897,8.3534,6.4707,0,6.2294,5.7974,9.129,8.5924,10.561,0,0,6.5767,8.0926
0,2.8685,0,0,0,0,0,0,0,0,4.6416,0,5.7191,0,0,0,0,3.4989,1.9451,0,0,0,0,0,4.5126,6.2819,6.2213,0,0,0,5.4302,0,0,1.2608,0,3.2092,0.33374,0,0,0,0,0.94685,0,0,6.0454,0,6.6299,2.3065,0,0,1.0298,4.2719,2.4676,0,0,1.5092,0,0,3.885,6.8863,7.0347,0,3.1091,0,6.4239,2.2336,0,4.1351
0,0,0,0,0,0,0,0,0,0,0,0,1.1142,0,0,0,0,0,0,0,0,0,0,0,0,0,0,0,0,0,0,0,0,0,1.3308,0.87165,0,0,5.2662,5.4532,1.684,5.6404,2.0841,2.0948,5.6072,3.5605,3.9816,5.3236,3.6453,0,0,2.4849,0.68776,1.5094,0,0,0,2.0763,1.299,2.5738,0.91658,0,5.3189,0,2.2336,6.7445,0,7.7198
0,0,0,0,0,0,0,0,1.8704,0,0,0,0,0,0,1.5239,0,0,0,0,1.7774,0.92454,0,3.2374,0,0,0,2.6662,1.1226,2.0847,0,0,0,0.87821,3.112,0,1.5817,1.1026,0,1.5144,5.1741,2.4781,3.339,2.6097,1.1918,0.73731,0,3.3215,1.1823,1.9513,2.3628,0.74212,1.7992,0.92081,4.3208,1.7801,3.4129,4.658,0,1.1765,1.8637,6.3056,8.1308,6.5767,0,0,7.2403,6.9574
0,1.8865,2.3099,0,0,0,0,0,2.9051,0,2.1382,0,3.2368,0,0,2.0165,1.5182,0,0.70271,0,2.0691,1.6689,1.8691,3.625,2.1619,2.9088,4.1359,2.9496,1.4435,2.3898,1.4184,0,0,1.7515,4.4983,3.9853,4.6124,3.8649,5.7688,5.4836,6.6824,5.7165,4.5892,6.5085,8.5285,6.1504,6.3119,6.4539,3.6647,3.7204,7.7653,6.4676,7.6016,5.1487,7.9181,3.3816,7.8136,5.6214,4.0297,6.3608,6.4902,7.3268,8.0147,8.0926,4.1351,7.7198,6.9574,9.0977
