8.9048,0,4.0934,1.6129,0,3.1251,7.9208,5.5958,2.7609,3.8892,1.7189,1.5012,0,8.6986,0.87425,0,5.9046,0,2.6126,1.3975,3.727,1.0767,5.5816,3.8133,0,3.3415,2.6224,4.982,8.3564,7.7521,0,1.4901,3.2163,4.1277,0,0,0,0,0,0,0,0,1.8759,0,0,0,0,0,0,0.98678,0,0,0,0,0,0.96094,0,2.6174,0,0,0,1.5655,0,0,0,0,0,0
0,7.4573,4.0203,0,0,0,1.2914,1.0055,6.6029,0,4.6798,0.72082,6.5665,1.378,2.6943,4.5305,5.0481,2.632,3.9831,0,2.0237,7.3508,3.4883,7.1091,7.5019,5.9776,9.1451,2.9628,1.8155,1.3893,3.9339,1.3434,0,4.4562,0,5.4741,4.1745,0,0,0,0.74428,0,1.5952,0,2.6018,0,5.2117,0,0,2.5653,3.8745,1.4183,2.9459,0,0.63491,3.3332,2.8239,2.0796,4.1295,5.3704,7.1382,0.50649,0,0.80907,3.167,0,0,1.5913
4.0934,4.0203,10.288,0,0,3.5187,7.9473,6.5579,2.1206,4.106,2.8675,0,0.63945,6.5916,0,3.1631,8.7716,3.4966,5.9611,0,7.2399,3.2063,9.6911,4.5175,0.52833,9.6314,9.8632,6.8161,4.0649,6.7089,0.77439,0,2.0134,5.6868,0,4.7434,7.0908,0,0,0,0,0,1.0741,0,0,0,0,0,0,3.3898,5.5295,0,2.9055,0,0.85056,3.7929,5.9387,1.1013,1.1244,5.6823,8.0716,0,0,0,0,0,0,2.1025
1.6129,0,0,10.048,3.7726,5.6417,4.8149,4.7088,7.1621,8.7655,0,8.4808,1.0353,3.9744,5.8161,0,0,0,0,9.9485,0,0.71739,0,8.0557,0,0,0,9.3237,4.482,1.2092,0,0.65877,1.2727,3.9165,0,0,0,3.5536,0,1.552,2.6179,0,5.4449,3.1515,0,4.8831,0,0,1.6267,0,0,0,0,4.1753,0,0.78322,0,6.8134,0,0,0,4.021,0,0,0,0,0,0
0,0,0,3.7726,6.528,6.0892,2.0027,2.8293,4.3629,3.236,1.2341,4.7725,1.254,0.96503,6.5158,0,0,0,0,3.3858,0,1.7394,0,4.9935,0,0,0,3.7908,1.5751,0.036861,0,5.466,0,5.3786,0,0,0,0,0,0,0,0,1.1896,0,0,0.98343,0,0,0,0,0,0,0,0,0,0,0,1.102,0,0,0,0,0,0,0,0,0,0
3.1251,0,3.5187,5.6417,6.0892,10.173,7.8854,8.9252,5.6143,9.6404,3.3339,8.9983,3.2543,6.5669,7.3096,0,2.2168,1.0735,0,6.163,2.8391,1.0891,3.6538,5.8146,0.11051,1.5252,0.87364,7.4641,5.7695,4.0776,0,5.6807,1.9055,5.3726,0,0,0,0,0,0,0,0,4.475,0,0,3.163,0,0,1.2055,0,0,0,0,2.9043,0,0.75072,0,4.9197,0,0,0,2.6161,0,0,0,0,0,0
7.9208,1.2914,7.9473,4.8149,2.0027,7.8854,10.915,8.7258,5.4956,9.5184,1.4607,5.1167,2.5775,9.3731,4.3061,2.2333,5.591,0,1.9467,4.0553,7.0514,2.6397,7.735,6.8975,0,5.4479,5.9025,10.512,7.8745,9.2174,0,2.0395,5.15,6.4387,0,0.96558,0,0,0,0,3.5541,0,4.9757,0,0,3.1425,0,0,0,1.8928,0,0,0,2.5501,0,2.7466,0,6.4212,0,0,0,4.7182,0,1.8731,0,0,0,0
5.5958,1.0055,6.5579,4.7088,2.8293,8.9252,8.7258,9.9854,5.4758,8.5652,4.0271,7.2494,3.3364,9.1902,4.6661,0,6.2706,2.2111,1.8038,5.7774,5.3273,2.0626,7.0659,6.1904,0.52823,4.4297,3.4261,7.3093,6.2967,7.0521,0.41061,5.6783,2.8839,5.3245,0,0,0,0,0,0,0,0,4.8463,0,0,3.1245,0,0,0,0,0,0,0,0,0,1.55,0,4.9003,0,0,0,3.1855,0,0,0,0,0,0
2.7609,6.6029,2.1206,7.1621,4.3629,5.6143,5.4956,5.4758,8.3914,6.9779,2.3595,6.9935,4.663,5.0425,6.4802,2.8654,2.7893,0,0.79391,6.6268,2.7378,7.7812,3.0329,9.3836,6.4732,2.9887,7.6081,7.7081,5.6053,4.9982,0.69774,2.4153,3.3285,4.4896,1.7021,2.4012,0.58901,4.7398,0.71565,3.0248,4.4444,3.2836,5.9838,5.0248,0,4.1098,0.75542,3.2656,1.9755,3.7136,0,0,0,4.61,2.5894,4.2704,1.5894,6.8252,1.2187,0,2.4581,6.3556,3.8733,3.6365,0,0,1.7439,2.968
3.8892,0,4.106,8.7655,3.236,9.6404,9.5184,8.5652,6.9779,11.678,1.5783,9.0086,2.5366,7.9376,5.3817,0,1.6136,0,0,9.0814,2.9717,0,3.5428,6.3186,0,1.8694,1.732,9.4223,7.1814,3.4901,0,2.7644,2.6387,6.6426,0,0,0,2.2591,0,0,3.0402,0,6.0579,0,0,5.0376,0,0,1.5934,0,0,0,0,3.6942,0,1.2855,0,6.9585,0,0,0,3.2046,0,0,0,0,0,0
1.7189,4.6798,2.8675,0,1.2341,3.3339,1.4607,4.0271,2.3595,1.5783,9.6408,3.2635,7.1265,5.5425,1.3947,0.61492,5.948,8.536,7.499,1.0831,3.1436,3.9732,4.2189,0.67653,5.2139,7.9446,6.1055,0.99977,6.3847,2.4974,5.5118,5.5452,1.3006,8.2591,0,3.4878,0.1946,0,0,0,0,0,0,0,4.0456,0,6.1357,0,0,0,0,2.3129,1.1258,0,0,1.3652,0,0,4.2933,4.8281,5.4018,0,0.93291,0,4.6807,0,0,2.1937
1.5012,0.72082,0,8.4808,4.7725,8.9983,5.1167,7.2494,6.9935,9.0086,3.2635,10.701,3.434,6.5563,6.9706,0,0,0,0,9.3033,0,1.3165,0,7.167,0,0,0.85591,7.5251,6.0409,0.84349,0,4.301,0.41075,6.0659,0,0,0,3.9421,0.84092,2.5049,2.3215,0,4.7573,3.8704,0,4.6541,0,0,1.9765,0,0,0,0,4.4222,0,0,0,5.6528,0,0,0,4.5336,0,0,0,0,0,0
0,6.5665,0.63945,1.0353,1.254,3.2543,2.5775,3.3364,4.663,2.5366,7.1265,3.434,8.553,3.8159,1.8048,1.2006,0.81741,3.2453,1.8584,2.3471,0,5.944,0,3.4266,7.9816,5.161,7.9498,2.7086,4.409,1.5653,6.5747,4.6143,0,6.2092,0,4.9666,0,0,0,0,0,0,1.1772,0,5.1419,0,7.6194,0,0,0,0,2.7967,1.5715,0,0,2.7142,0,0,6.0728,5.6483,6.7242,0,1.4566,0,5.9326,1.046,0,3.1523
8.6986,1.378,6.5916,3.9744,0.96503,6.5669,9.3731,9.1902,5.0425,7.9376,5.5425,6.5563,3.8159,10.049,3.3111,0.85408,7.2178,3.5641,3.1982,5.2253,5.559,2.2486,7.512,5.6872,1.5122,5.2707,3.9653,7.0228,8.8062,8.4205,1.3726,5.4017,3.6388,6.2082,0,0,0,0,0,0,0,0,4.099,0,0,0,1.1127,0,0,1.1045,0,0,0,0,0,2.1722,0,3.2696,0,0,0,1.9608,0,0,0,0,0,0
0.87425,2.6943,0,5.8161,6.5158,7.3096,4.3061,4.6661,6.4802,5.3817,1.3947,6.9706,1.8048,3.3111,7.3307,0,0,0,0,5.3879,1.2544,3.735,1.1385,7.0466,1.1078,0,3.0411,6.0564,3.4661,2.1616,0,3.9721,1.3155,2.9241,0,0,0,1.9222,0,1.1367,1.1401,0,3.1224,2.0941,0,2.2073,0,0,0.94813,0.97717,0,0,0,2.4571,0,1.4149,0,3.8141,0,0,0,2.5976,0,0,0,0,0,0
0,4.5305,3.1631,0,0,0,2.2333,0,2.8654,0,0.61492,0,1.2006,0.85408,0,9.3874,4.2993,0,1.7431,0,8.1223,8.1256,8.6537,7.62,1.9978,3.2489,8.6305,6.9641,1.7054,3.8458,0,0,1.23,3.5399,0,2.9731,3.5165,0,0,0,0.84942,0,2.4083,0,0,0,0,0,0,8.1893,0.60823,0,0,0,6.0778,6.6869,7.7633,5.6277,0,0,6.5489,4.4717,2.2533,4.4877,0,0,1.7151,2.1151
5.9046,5.0481,8.7716,0,0,2.2168,5.591,6.2706,2.7893,1.6136,5.948,0,0.81741,7.2178,0,4.2993,9.5498,5.989,8.8982,0,6.8333,4.2795,9.0748,4.2081,1.3412,8.7894,8.9884,5.392,7.2795,7.6936,1.1506,0,4.4945,8.2254,0,4.7357,5.7461,0,0,0,0,0,0.98154,0,0,0,0,0,0,2.0127,4.492,0,3.0306,0,0,3.329,3.1936,0,1.3599,5.6873,7.2488,0,0,0,0,0,0,1.1721
0,2.632,3.4966,0,0,1.0735,0,2.2111,0,0,8.536,0,3.2453,3.5641,0,0,5.989,8.1734,8.1873,0,2.0535,1.1898,3.5949,0,3.133,8.1787,5.994,0,4.4451,1.8966,3.8062,2.9877,0,6.4374,0,1.8341,0,0,0,0,0,0,0,0,2.0119,0,3.7029,0,0,0,0,1.8978,1.3789,0,0,0,0,0,2.5453,4.8929,5.1176,0,0,0,3.4249,0,0,0
2.6126,3.9831,5.9611,0,0,0,1.9467,1.8038,0.79391,0,7.499,0,1.8584,3.1982,0,1.7431,8.8982,8.1873,9.404,0,4.9079,2.4049,6.1517,0.55546,2.6185,8.9986,7.5289,2.2543,5.0525,4.9341,2.4686,1.3595,2.5404,7.6259,0,3.6245,2.9087,0,0,0,0,0,0,0,0,0,1.795,0,0,0,2.5068,1.4723,3.0224,0,0,1.0762,0,0,2.5254,5.6717,6.0956,0,0,0,1.8787,0,0,0.29774
1.3975,0,0,9.9485,3.3858,6.163,4.0553,5.7774,6.6268,9.0814,1.0831,9.3033,2.3471,5.2253,5.3879,0,0,0,0,9.1898,0,0,0,6.5031,0,0,0,8.1384,5.0405,0.71296,0,1.7997,0.36397,4.8361,0,0,0,3.9577,0,2.4394,2.947,0,5.2183,3.5125,0,5.0118,0,0,2.0142,0,0,0,0,4.5747,0,0,0,6.7545,0,0,0,4.4628,0,0,0,0,0,0
3.727,2.0237,7.2399,0,0,2.8391,7.0514,5.3273,2.7378,2.9717,3.1436,0,0,5.559,1.2544,8.1223,6.8333,2.0535,4.9079,0,10.797,5.1003,10.553,5.4941,0,5.1234,7.1167,9.0608,5.9109,9.5702,0,0,4.8759,8.2348,0,1.3191,1.2199,0,0,0,1.1968,0,2.5931,0,0,0,0,0,0,6.5357,0,0,0,0,5.4012,5.268,4.6914,5.5373,0,0,3.58,4.3847,2.7979,4.5423,0,0,2.214,2.2103
1.0767,7.3508,3.2063,0.71739,1.7394,1.0891,2.6397,2.0626,7.7812,0,3.9732,1.3165,5.944,2.2486,3.735,8.1256,4.2795,1.1898,2.4049,0,5.1003,8.5164,5.804,8.8748,6.6368,4.3628,8.6459,5.8779,2.7225,3.6998,3.125,0,1.3139,3.8591,1.1527,4.0061,3.6885,0,0,0,2.1625,1.0155,3.8383,0,1.6661,0,3.7461,1.8235,0.56426,6.1264,2.31,0,0.65928,0,4.1227,6.0215,5.2653,5.3598,2.8429,2.3622,6.3579,4.3815,2.8535,3.3751,0,0,1.5058,1.5614
5.5816,3.4883,9.6911,0,0,3.6538,7.735,7.0659,3.0329,3.5428,4.2189,0,0,7.512,1.1385,8.6537,9.0748,3.5949,6.1517,0,10.553,5.804,11.161,6.0095,0,7.5615,9.674,8.2219,6.5873,8.6932,0,0,4.3288,8.33,0,3.5182,6.2535,0,0,0,0,0,2.236,0,0,0,0,0,0,7.8571,2.7391,0,0,0,5.2559,6,8.2853,3.9929,0,1.8248,8.0681,2.2776,0.72132,3.0903,0,0,0.65664,1.4666
3.8133,7.1091,4.5175,8.0557,4.9935,5.8146,6.8975,6.1904,9.3836,6.3186,0.67653,7.167,3.4266,5.6872,7.0466,7.62,4.2081,0,0.55546,6.5031,5.4941,8.8748,6.0095,10.396,6.0316,3.7014,8.6038,9.0725,6.5845,6.367,0,1.9591,4.8009,5.6427,2.5951,3.4527,1.0388,5.3371,0.51799,3.4672,6.2329,3.6149,7.2149,5.3859,0,5.1856,0,3.2105,2.5126,6.7503,0,0,0,5.6904,5.2947,6.5966,4.3646,8.9421,0,0,4.42,8.0142,4.6055,5.6305,0,0,3.4815,3.8335
0,7.5019,0.52833,0,0,0.11051,0,0.52823,6.4732,0,5.2139,0,7.9816,1.5122,1.1078,1.9978,1.3412,3.133,2.6185,0,0,6.6368,0,6.0316,8.2679,5.5498,8.6543,0.039967,1.8839,0,4.6231,2.0171,0,4.1719,0,4.3316,0.73672,0,0,0,0,0,0.59248,0,3.5559,0,6.2096,0,0,0,1.15,2.4365,2.3584,0,0,1.568,0,0,5.2541,5.7559,6.7617,0,0,0,4.8022,0,0,1.7732
3.3415,5.9776,9.6314,0,0,1.5252,5.4479,4.4297,2.9887,1.8694,7.9446,0,5.161,5.2707,0,3.2489,8.7894,8.1787,8.9986,0,5.1234,4.3628,7.5615,3.7014,5.5498,11.523,10.124,4.3705,5.1447,5.4421,6.4697,3.2905,1.568,6.9421,0,6.1322,5.9715,0,0,0,0,0,0,0,4.1055,0,6.5015,0,0,0.77251,5.7449,4.8404,5.9034,0,0,2.8474,2.7078,0,5.8199,8.5926,9.0494,0,0,0,6.1946,0,0,2.7957
2.6224,9.1451,9.8632,0,0,0.87364,5.9025,3.4261,7.6081,1.732,6.1055,0.85591,7.9498,3.9653,3.0411,8.6305,8.9884,5.994,7.5289,0,7.1167,8.6459,9.674,8.6038,8.6543,10.124,11.637,8.0212,4.3663,5.5481,7.2025,1.3779,2.14,7.4669,0,7.7533,8.0811,0,0,0,0,0,2.9273,0,4.3077,0,7.0871,0,0,7.1705,7.01,4.5431,6.0558,0,3.5931,6.8738,8.1559,3.9387,6.6602,8.7178,10.302,1.5778,0,0.82867,6.1925,0,0,3.9545
4.982,2.9628,6.8161,9.3237,3.7908,7.4641,10.512,7.3093,7.7081,9.4223,0.99977,7.5251,2.7086,7.0228,6.0564,6.9641,5.392,0,2.2543,8.1384,9.0608,5.8779,8.2219,9.0725,0.039967,4.3705,8.0212,11.215,7.9252,9.3327,0,0.74263,6.4095,7.3497,1.7472,1.5089,0,2.9114,0,2.2965,5.0456,2.2873,6.8799,3.4572,0,5.2411,0,0,1.936,6.0381,0,0,0,4.2116,4.8102,5.7277,2.7743,8.5234,0,0,2.7621,6.9186,3.6944,5.0994,0,0,2.9743,2.9671
8.3564,1.8155,4.0649,4.482,1.5751,5.7695,7.8745,6.2967,5.6053,7.1814,6.3847,6.0409,4.409,8.8062,3.4661,1.7054,7.2795,4.4451,5.0525,5.0405,5.9109,2.7225,6.5873,6.5845,1.8839,5.1447,4.3663,7.9252,10.43,8.9467,2.3046,5.8367,8.376,8.0719,0,0,0,0,0,0,1.7626,0,4.501,0,0.85648,0,1.296,0,0,2.9252,0,0,0,0,2.5684,3.234,0.75004,4.7114,0.7306,0,0,3.4507,1.5753,2.4265,0,0,1.1766,1.2893
7.7521,1.3893,6.7089,1.2092,0.036861,4.0776,9.2174,7.0521,4.9982,3.4901,2.4974,0.84349,1.5653,8.4205,2.1616,3.8458,7.6936,1.8966,4.9341,0.71296,9.5702,3.6998,8.6932,6.367,0,5.4421,5.5481,9.3327,8.9467,10.679,0,1.3427,6.6632,7.9594,0,0.79498,0,0,0,0,2.7097,0,4.4911,0,0,0,0,0,0,4.9437,0,0,0,0,4.1386,4.1071,1.8684,6.0895,0,0,0.71529,4.9838,2.4474,3.5445,0,0,1.9194,1.9299
0,3.9339,0.77439,0,0,0,0,0.41061,0.69774,0,5.5118,0,6.5747,1.3726,0,0,1.1506,3.8062,2.4686,0,0,3.125,0,0,4.6231,6.4697,7.2025,0,2.3046,0,5.9371,1.8661,0,3.6421,0,3.4715,0,0,0,0,0,0,0,0,3.8873,0,6.475,0,0,0,0,2.9219,1.5413,0,0,0,0,0,4.7215,5.7408,6.4453,0,0,0,5.4843,0,0,0.97824
1.4901,1.3434,0,0.65877,5.466,5.6807,2.0395,5.6783,2.4153,2.7644,5.5452,4.301,4.6143,5.4017,3.9721,0,0,2.9877,1.3595,1.7997,0,0,0,1.9591,2.0171,3.2905,1.3779,0.74263,5.8367,1.3427,1.8661,6.4589,0,7.7218,0,0,0,0,0,0,0,0,0,0,0,0,1.7514,0,0,0,0,0,0,0,0,0,0,0,0.81753,0,0,0,0,0,0,0,0,0
3.2163,0,2.0134,1.2727,0,1.9055,5.15,2.8839,3.3285,2.6387,1.3006,0.41075,0,3.6388,1.3155,1.23,4.4945,0,2.5404,0.36397,4.8759,1.3139,4.3288,4.8009,0,1.568,2.14,6.4095,8.376,6.6632,0,0,7.7784,7.2019,0,0,0,0,0,0,0,0,2.5017,0,0,0,0,0,0,2.3271,0,0,0,0,2.2246,1.6878,0,3.6356,0,0,0,2.8025,1.0991,1.8844,0,0,0.53869,0.73175
4.1277,4.4562,5.6868,3.9165,5.3786,5.3726,6.4387,5.3245,4.4896,6.6426,8.2591,6.0659,6.2092,6.2082,2.9241,3.5399,8.2254,6.4374,7.6259,4.8361,8.2348,3.8591,8.33,5.6427,4.1719,6.9421,7.4669,7.3497,8.0719,7.9594,3.6421,7.7218,7.2019,9.2996,0,3.1469,3.6046,0,0,0,1.4421,0,3.6624,0,1.9932,0,3.3956,0,0,3.2712,2.2042,0,1.1138,0,2.444,2.9026,2.7605,4.2305,2.4956,3.6849,5.4435,3.0155,1.2992,2.2287,1.5929,0,0.69327,1.3051
0,0,0,0,0,0,0,0,1.7021,0,0,0,0,0,0,0,0,0,0,0,0,1.1527,0,2.5951,0,0,0,1.7472,0,0,0,0,0,0,8.6694,1.4278,3.5244,1.7901,0,2.5561,8.1752,5.0804,3.5877,3.8912,2.0875,2.0815,0,8.4985,0.9051,1.7368,4.5829,1.3424,3.1339,1.7945,3.5236,1.9118,4.2124,4.7135,0,3.7714,2.8868,5.6603,8.1577,7.6738,0,1.1001,3,4.3445
0,5.4741,4.7434,0,0,0,0.96558,0,2.4012,0,3.4878,0,4.9666,0,0,2.9731,4.7357,1.8341,3.6245,0,1.3191,4.0061,3.5182,3.4527,4.3316,6.1322,7.7533,1.5089,0,0.79498,3.4715,0,0,3.1469,1.4278,8.1475,4.3141,0,0,0,2.701,1.794,6.9081,0,4.1973,0.93136,5.6285,2.2302,2.9004,5.2738,5.3298,2.5321,4.4397,0,2.5784,7.5047,4.6486,7.0627,7.6767,5.8656,9.3015,2.8387,2.0973,3.0508,3.0374,0.83237,0,3.8549
0,4.1745,7.0908,0,0,0,0,0,0.58901,0,0.1946,0,0,0,0,3.5165,5.7461,0,2.9087,0,1.2199,3.6885,6.2535,1.0388,0.73672,5.9715,8.0811,0,0,0,0,0,0,3.6046,3.5244,4.3141,10.045,0,0,2.7234,8.3903,6.0501,1.7518,3.6758,2.0825,0,0,6.6463,0,3.7861,8.553,3.4226,6.0731,0,6.8038,3.4466,9.5412,4.4283,0.85311,9.2706,9.7793,6.8922,3.275,6.1533,0.59291,0,1.4687,4.617
0,0,0,3.5536,0,0,0,0,4.7398,2.2591,0,3.9421,0,0,1.9222,0,0,0,0,3.9577,0,0,0,5.3371,0,0,0,2.9114,0,0,0,0,0,0,1.7901,0,0,10.286,2.8515,5.5063,4.3618,4.511,7.0354,8.9512,0,8.3133,0,4.3702,5.0265,0,0,0,0,10.108,0,0,0,8.3746,0,0,0,9.2364,4.6191,0.81253,0,0,0.99953,4.0705
0,0,0,0,0,0,0,0,0.71565,0,0,0.84092,0,0,0,0,0,0,0,0,0,0,0,0.51799,0,0,0,0,0,0,0,0,0,0,0,0,0,2.8515,6.4949,5.8289,1.4285,2.89,4.309,2.5868,1.8653,3.9548,0,1.2885,6.6694,0,0,0,0,2.8107,0,1.4093,0,4.9627,0,0,0,3.2095,1.032,0,0,5.096,0,5.9243
0,0,0,1.552,0,0,0,0,3.0248,0,0,2.5049,0,0,1.1367,0,0,0,0,2.4394,0,0,0,3.4672,0,0,0,2.2965,0,0,0,0,0,0,2.5561,0,2.7234,5.5063,5.8289,10.127,7.7106,8.7588,5.6203,9.6736,3.5606,8.8263,1.0161,6.453,7.2348,0,0,0.8997,0,6.2428,2.2806,1.2338,2.6349,5.9501,0,0.70868,0,7.6607,5.5376,2.6936,0,5.3032,1.2894,5.393
0,0.74428,0,2.6179,0,0,3.5541,0,4.4444,3.0402,0,2.3215,0,0,1.1401,0.84942,0,0,0,2.947,1.1968,2.1625,0,6.2329,0,0,0,5.0456,1.7626,2.7097,0,0,0,1.4421,8.1752,2.701,8.3903,4.3618,1.4285,7.7106,11.226,8.816,5.8934,9.4781,2.6505,4.9979,0,9.6864,4.0958,2.883,7.4572,2.1972,5.3962,4.1149,7.3113,3.4614,8.415,7.0534,0,6.808,6.6246,10.402,8.066,9.3916,0,1.4721,5.0316,6.5937
0,0,0,0,0,0,0,0,3.2836,0,0,0,0,0,0,0,0,0,0,0,0,1.0155,0,3.6149,0,0,0,2.2873,0,0,0,0,0,0,5.0804,1.794,6.0501,4.511,2.89,8.7588,8.816,9.7581,5.3913,8.5774,4.4089,7.1417,1.9492,9.3242,5.1131,1.6882,3.8269,1.8214,0,5.9177,4.5358,2.2944,5.6109,6.0322,0,3.7117,2.848,7.2401,6.0415,5.9455,1.1331,5.7845,2.1207,5.6519
1.8759,1.5952,1.0741,5.4449,1.1896,4.475,4.9757,4.8463,5.9838,6.0579,0,4.7573,1.1772,4.099,3.1224,2.4083,0.98154,0,0,5.2183,2.5931,3.8383,2.236,7.2149,0.59248,0,2.9273,6.8799,4.501,4.4911,0,0,2.5017,3.6624,3.5877,6.9081,1.7518,7.0354,4.309,5.6203,5.8934,5.3913,8.5757,6.9486,2.4712,6.9496,3.4221,5.4638,6.2329,3.0602,2.6341,0,1.2539,6.7575,1.9062,7.7464,2.4323,9.4529,5.9217,2.5846,7.3239,7.8292,5.9583,5.0974,0,2.0215,3.5403,4.7133
0,0,0,3.1515,0,0,0,0,5.0248,0,0,3.8704,0,0,2.0941,0,0,0,0,3.5125,0,0,0,5.3859,0,0,0,3.4572,0,0,0,0,0,0,3.8912,0,3.6758,8.9512,2.5868,9.6736,9.4781,8.5774,6.9486,11.693,2.1325,9.2392,0,8.0402,5.1396,0,0,0,0,9.2657,2.424,0.94621,2.8507,6.8445,0,1.3929,1.8857,9.615,7.1828,2.6901,0,2.1249,2.1743,6.5362
0,2.6018,0,0,0,0,0,0,0,0,4.0456,0,5.1419,0,0,0,0,2.0119,0,0,0,1.6661,0,0,3.5559,4.1055,4.3077,0,0.85648,0,3.8873,0,0,1.9932,2.0875,4.1973,2.0825,0,1.8653,3.5606,2.6505,4.4089,2.4712,2.1325,9.4382,3.9176,7.4952,6.1298,2.1529,0.85831,5.0851,8.2878,6.5239,2.0637,3.6214,2.7882,4.3967,1.4109,5.3644,7.6369,5.1811,0.95799,7.1094,4.1844,6.1067,5.4809,1.3074,8.5204
0,0,0,4.8831,0.98343,3.163,3.1425,3.1245,4.1098,5.0376,0,4.6541,0,0,2.2073,0,0,0,0,5.0118,0,0,0,5.1856,0,0,0,5.2411,0,0,0,0,0,0,2.0815,0.93136,0,8.3133,3.9548,8.8263,4.9979,7.1417,6.9496,9.2392,3.9176,10.753,0.67777,6.9539,6.8557,0,0,0.60375,0,9.6621,0,1.4097,0,7.6782,0,0,0.87114,7.5345,6.3696,0.77635,0,3.3759,0.51573,6.1328
0,5.2117,0,0,0,0,0,0,0.75542,0,6.1357,0,7.6194,1.1127,0,0,0,3.7029,1.795,0,0,3.7461,0,0,6.2096,6.5015,7.0871,0,1.296,0,6.475,1.7514,0,3.3956,0,5.6285,0,0,0,1.0161,0,1.9492,3.4221,0,7.4952,0.67777,8.8972,3.3617,0,0.47508,1.1515,3.5401,1.5593,0,0,4.0826,0,2.0764,7.8683,5.2608,8.0262,0,4.9999,0,6.7177,3.9617,0,6.4621
0,0,0,0,0,0,0,0,3.2656,0,0,0,0,0,0,0,0,0,0,0,0,1.8235,0,3.2105,0,0,0,0,0,0,0,0,0,0,8.4985,2.2302,6.6463,4.3702,1.2885,6.453,9.6864,9.3242,5.4638,8.0402,6.1298,6.9539,3.3617,10.163,4.0947,2.5413,5.8148,3.4407,2.9872,5.9175,5.0649,3.1206,6.3254,6.2371,0.51324,5.4614,3.8179,7.3971,8.7115,7.9038,2.2356,5.1738,3.327,6.3633
0,0,0,1.6267,0,1.2055,0,0,1.9755,1.5934,0,1.9765,0,0,0.94813,0,0,0,0,2.0142,0,0.56426,0,2.5126,0,0,0,1.936,0,0,0,0,0,0,0.9051,2.9004,0,5.0265,6.6694,7.2348,4.0958,5.1131,6.2329,5.1396,2.1529,6.8557,0,4.0947,7.5666,0.73814,0,0,0,4.9447,1.6411,3.4697,0,6.8793,0.47667,0,2.6586,5.6004,3.5965,1.7443,0,3.6539,0.75078,3.4871
0.98678,2.5653,3.3898,0,0,0,1.8928,0,3.7136,0,0,0,0,1.1045,0.97717,8.1893,2.0127,0,0,0,6.5357,6.1264,7.8571,6.7503,0,0.77251,7.1705,6.0381,2.9252,4.9437,0,0,2.3271,3.2712,1.7368,5.2738,3.7861,0,0,0,2.883,1.6882,3.0602,0,0.85831,0,0.47508,2.5413,0.73814,9.918,4.4419,0,2.1728,0,8.4768,8.596,8.6503,8.208,1.9367,3.3704,8.7703,6.9517,3.7736,5.5777,0,0,2.2138,3.8863
0,3.8745,5.5295,0,0,0,0,0,0,0,0,0,0,0,0,0.60823,4.492,0,2.5068,0,0,2.31,2.7391,0,1.15,5.7449,7.01,0,0,0,0,0,0,2.2042,4.5829,5.3298,8.553,0,0,0,7.4572,3.8269,2.6341,0,5.0851,0,1.1515,5.8148,0,4.4419,8.9768,5.9161,8.6707,0,6.351,3.9208,8.967,4.0129,1.3276,8.4135,8.7179,5.5219,5.0058,7.9015,1.3314,0,2.1701,7.7779
0,1.4183,0,0,0,0,0,0,0,0,2.3129,0,2.7967,0,0,0,0,1.8978,1.4723,0,0,0,0,0,2.4365,4.8404,4.5431,0,0,0,2.9219,0,0,0,1.3424,2.5321,3.4226,0,0,0.8997,2.1972,1.8214,0,0,8.2878,0.60375,3.5401,3.4407,0,0,5.9161,8.1164,8.1533,0,3.7622,0.80771,4.8799,0,2.2491,8.0864,5.8844,0,4.3985,4.4474,4.397,2.1359,0.98849,6.4939
0,2.9459,2.9055,0,0,0,0,0,0,0,1.1258,0,1.5715,0,0,0,3.0306,1.3789,3.0224,0,0,0.65928,0,0,2.3584,5.9034,6.0558,0,0,0,1.5413,0,0,1.1138,3.1339,4.4397,6.0731,0,0,0,5.3962,0,1.2539,0,6.5239,0,1.5593,2.9872,0,2.1728,8.6707,8.1533,9.2002,0,5.214,2.3819,6.5815,0.94134,2.1954,8.7778,7.5908,2.7122,4.6363,6.8559,2.4552,0,1.7727,7.5859
0,0,0,4.1753,0,2.9043,2.5501,0,4.61,3.6942,0,4.4222,0,0,2.4571,0,0,0,0,4.5747,0,0,0,5.6904,0,0,0,4.2116,0,0,0,0,0,0,1.7945,0,0,10.108,2.8107,6.2428,4.1149,5.9177,6.7575,9.2657,2.0637,9.6621,0,5.9175,4.9447,0,0,0,0,9.5117,0,0,0,7.3711,0,0,0,8.0629,5.5741,0.78637,0,1.4133,0.5729,5.1324
0,0.63491,0.85056,0,0,0,0,0,2.5894,0,0,0,0,0,0,6.0778,0,0,0,0,5.4012,4.1227,5.2559,5.2947,0,0,3.5931,4.8102,2.5684,4.1386,0,0,2.2246,2.444,3.5236,2.5784,6.8038,0,0,2.2806,7.3113,4.5358,1.9062,2.424,3.6214,0,0,5.0649,1.6411,8.4768,6.351,3.7622,5.214,0,10.698,5.3304,10.376,5.9097,0,5.2202,6.7927,9.2617,5.7364,9.4733,0,0,4.5674,7.892
0.96094,3.3332,3.7929,0.78322,0,0.75072,2.7466,1.55,4.2704,1.2855,1.3652,0,2.7142,2.1722,1.4149,6.6869,3.329,0,1.0762,0,5.268,6.0215,6,6.5966,1.568,2.8474,6.8738,5.7277,3.234,4.1071,0,0,1.6878,2.9026,1.9118,7.5047,3.4466,0,1.4093,1.2338,3.4614,2.2944,7.7464,0.94621,2.7882,1.4097,4.0826,3.1206,3.4697,8.596,3.9208,0.80771,2.3819,0,5.3304,8.7702,6.1678,8.7846,6.0076,3.6808,8.5327,5.5982,3.9934,4.7742,1.1612,0,1.8657,3.3289
0,2.8239,5.9387,0,0,0,0,0,1.5894,0,0,0,0,0,0,7.7633,3.1936,0,0,0,4.6914,5.2653,8.2853,4.3646,0,2.7078,8.1559,2.7743,0.75004,1.8684,0,0,0,2.7605,4.2124,4.6486,9.5412,0,0,2.6349,8.415,5.6109,2.4323,2.8507,4.3967,0,0,6.3254,0,8.6503,8.967,4.8799,6.5815,0,10.376,6.1678,10.996,6.2001,0.7195,7.6152,9.6481,8.2742,5.1547,8.4057,0,0,3.3941,7.7835
2.6174,2.0796,1.1013,6.8134,1.102,4.9197,6.4212,4.9003,6.8252,6.9585,0,5.6528,0,3.2696,3.8141,5.6277,0,0,0,6.7545,5.5373,5.3598,3.9929,8.9421,0,0,3.9387,8.5234,4.7114,6.0895,0,0,3.6356,4.2305,4.7135,7.0627,4.4283,8.3746,4.9627,5.9501,7.0534,6.0322,9.4529,6.8445,1.4109,7.6782,2.0764,6.2371,6.8793,8.208,4.0129,0,0.94134,7.3711,5.9097,8.7846,6.2001,10.72,5.2851,3.3935,8.3059,9.5214,7.0213,6.7721,0,1.9142,4.9621,5.7497
0,4.1295,1.1244,0,0,0,0,0,1.2187,0,4.2933,0,6.0728,0,0,0,1.3599,2.5453,2.5254,0,0,2.8429,0,0,5.2541,5.8199,6.6602,0,0.7306,0,4.7215,0.81753,0,2.4956,0,7.6767,0.85311,0,0,0,0,0,5.9217,0,5.3644,0,7.8683,0.51324,0.47667,1.9367,1.3276,2.2491,2.1954,0,0,6.0076,0.7195,5.2851,8.1313,5.0466,8.3572,0,1.6783,0,3.8678,1.2482,0,4.1223
0,5.3704,5.6823,0,0,0,0,0,0,0,4.8281,0,5.6483,0,0,0,5.6873,4.8929,5.6717,0,0,2.3622,1.8248,0,5.7559,8.5926,8.7178,0,0,0,5.7408,0,0,3.6849,3.7714,5.8656,9.2706,0,0,0.70868,6.808,3.7117,2.5846,1.3929,7.6369,0,5.2608,5.4614,0,3.3704,8.4135,8.0864,8.7778,0,5.2202,3.6808,7.6152,3.3935,5.0466,11.178,9.8273,4.4248,4.7623,6.4025,6.8657,2.476,1.2373,6.2021
0,7.1382,8.0716,0,0,0,0,0,2.4581,0,5.4018,0,6.7242,0,0,6.5489,7.2488,5.1176,6.0956,0,3.58,6.3579,8.0681,4.42,6.7617,9.0494,10.302,2.7621,0,0.71529,6.4453,0,0,5.4435,2.8868,9.3015,9.7793,0,0,0,6.6246,2.848,7.3239,1.8857,5.1811,0.87114,8.0262,3.8179,2.6586,8.7703,8.7179,5.8844,7.5908,0,6.7927,8.5327,9.6481,8.3059,8.3572,9.8273,11.57,7.4144,3.8252,6.0843,7.0648,1.1057,1.8462,6.4023
1.5655,0.50649,0,4.021,0,2.6161,4.7182,3.1855,6.3556,3.2046,0,4.5336,0,1.9608,2.5976,4.4717,0,0,0,4.4628,4.3847,4.3815,2.2776,8.0142,0,0,1.5778,6.9186,3.4507,4.9838,0,0,2.8025,3.0155,5.6603,2.8387,6.8922,9.2364,3.2095,7.6607,10.402,7.2401,7.8292,9.615,0.95799,7.5345,0,7.3971,5.6004,6.9517,5.5219,0,2.7122,8.0629,9.2617,5.5982,8.2742,9.5214,0,4.4248,7.4144,11.149,8.1889,9.0712,0,0,6.4489,7.3542
0,0,0,0,0,0,0,0,3.8733,0,0.93291,0,1.4566,0,0,2.2533,0,0,0,0,2.7979,2.8535,0.72132,4.6055,0,0,0,3.6944,1.5753,2.4474,0,0,1.0991,1.2992,8.1577,2.0973,3.275,4.6191,1.032,5.5376,8.066,6.0415,5.9583,7.1828,7.1094,6.3696,4.9999,8.7115,3.5965,3.7736,5.0058,4.3985,4.6363,5.5741,5.7364,3.9934,5.1547,7.0213,1.6783,4.7623,3.8252,8.1889,10.288,8.6387,3.3623,5.3698,8.0726,7.9978
0,0.80907,0,0,0,0,1.8731,0,3.6365,0,0,0,0,0,0,4.4877,0,0,0,0,4.5423,3.3751,3.0903,5.6305,0,0,0.82867,5.0994,2.4265,3.5445,0,0,1.8844,2.2287,7.6738,3.0508,6.1533,0.81253,0,2.6936,9.3916,5.9455,5.0974,2.6901,4.1844,0.77635,0,7.9038,1.7443,5.5777,7.9015,4.4474,6.8559,0.78637,9.4733,4.7742,8.4057,6.7721,0,6.4025,6.0843,9.0712,8.6387,10.567,0,0,6.7446,8.1478
0,3.167,0,0,0,0,0,0,0,0,4.6807,0,5.9326,0,0,0,0,3.4249,1.8787,0,0,0,0,0,4.8022,6.1946,6.1925,0,0,0,5.4843,0,0,1.5929,0,3.0374,0.59291,0,0,0,0,1.1331,0,0,6.1067,0,6.7177,2.2356,0,0,1.3314,4.397,2.4552,0,0,1.1612,0,0,3.8678,6.8657,7.0648,0,3.3623,0,6.4566,2.1924,0,4.2635
0,0,0,0,0,0,0,0,0,0,0,0,1.046,0,0,0,0,0,0,0,0,0,0,0,0,0,0,0,0,0,0,0,0,0,1.1001,0.83237,0,0,5.096,5.3032,1.4721,5.7845,2.0215,2.1249,5.4809,3.3759,3.9617,5.1738,3.6539,0,0,2.1359,0,1.4133,0,0,0,1.9142,1.2482,2.476,1.1057,0,5.3698,0,2.1924,6.6871,0,7.8307
0,0,0,0,0,0,0,0,1.7439,0,0,0,0,0,0,1.7151,0,0,0,0,2.214,1.5058,0.65664,3.4815,0,0,0,2.9743,1.1766,1.9194,0,0,0.53869,0.69327,3,0,1.4687,0.99953,0,1.2894,5.0316,2.1207,3.5403,2.1743,1.3074,0.51573,0,3.327,0.75078,2.2138,2.1701,0.98849,1.7727,0.5729,4.5674,1.8657,3.3941,4.9621,0,1.2373,1.8462,6.4489,8.0726,6.7446,0,0,7.2193,6.9067
0,1.5913,2.1025,0,0,0,0,0,2.968,0,2.1937,0,3.1523,0,0,2.1151,1.1721,0,0.29774,0,2.2103,1.5614,1.4666,3.8335,1.7732,2.7957,3.9545,2.9671,1.2893,1.9299,0.97824,0,0.73175,1.3051,4.3445,3.8549,4.617,4.0705,5.9243,5.393,6.5937,5.6519,4.7133,6.5362,8.5204,6.1328,6.4621,6.3633,3.4871,3.8863,7.7779,6.4939,7.5859,5.1324,7.892,3.3289,7.7835,5.7497,4.1223,6.2021,6.4023,7.3542,7.9978,8.1478,4.2635,7.8307,6.9067,9.078
