1,0.15584,0.34783,0.26491,0.081405,0.31203,0.39074,0.32987,0.16728,0.28831,0.20167,0.27603,0.12156,0.50142,0.095701,0.28547,0.4616,0.27798,0.47201,0.22674,0.37763,0.19776,0.3779,0.25113,0.064086,0.25066,0.41613,0.25895,0.54953,0.36283,0.1696,0.13001,0.25525,0.23925,0.49807,0.11479,0.20967,0.25856,0.064262,0.30192,0.25381,0.27709,0.13623,0.2942,0.14217,0.27621,0.090487,0.38467,0.10617,0.27876,0.20457,0.20302,0.27406,0.21108,0.35831,0.13177,0.33315,0.2068,0.043583,0.14392,0.29416,0.24242,0.4722,0.23666,0.12641,0.11101,0.22907,0.2249
0.15584,1,0.071989,0.29367,0.050556,0.2076,0.10157,0.16593,0.1018,0.24116,0.18198,0.28388,0.011491,0.071143,0.070494,0.26344,0.2746,0.00088526,0.18995,0.28971,0.28402,0.32722,0.37743,0.21002,0.14512,0.31259,0.29027,0.33485,0.24703,0.38191,-0.0066367,0.017766,0.255,0.38023,0.22434,0.36244,0.12331,0.2947,0.047831,0.20511,0.13018,0.18675,0.11942,0.24449,0.16627,0.29141,0.0071626,0.076924,0.078299,0.28418,0.31862,-0.032844,0.27667,0.29113,0.26354,0.30066,0.36262,0.22122,0.12826,0.26164,0.30569,0.33087,0.24887,0.40109,-0.031611,0.0063073,0.25044,0.38763
0.34783,0.071989,1,0.095582,0.10927,0.24599,0.75904,0.44976,0.35644,0.18002,0.31718,0.19161,0.2073,0.61094,0.20349,0.15913,0.41959,0.49382,0.41315,0.22572,0.21481,0.27686,0.25054,0.4891,0.13242,0.596,0.60964,0.21634,0.27812,0.38688,0.21409,0.1066,0.21601,0.1364,0.21438,0.060501,0.56455,0.10444,0.081147,0.21642,0.55723,0.31985,0.29085,0.16939,0.23413,0.17671,0.1816,0.46607,0.17494,0.14296,0.17523,0.40472,0.19572,0.21797,0.21529,0.1889,0.16716,0.39116,0.086698,0.3942,0.44068,0.16844,0.22417,0.17375,0.20492,0.07765,0.20737,0.10218
0.26491,0.29367,0.095582,1,0.058734,0.44345,0.22221,0.2152,0.18632,0.50665,0.14445,0.75154,0.046975,0.14025,0.13817,0.3718,0.23074,0.017099,0.16473,0.7133,0.45254,0.28585,0.45538,0.34619,0.087357,0.25562,0.23094,0.5892,0.38346,0.35112,0.032936,0.043107,0.31353,0.3556,0.3169,0.27156,0.14352,0.83382,0.058986,0.4449,0.24479,0.2481,0.20859,0.50748,0.13972,0.75898,0.040347,0.15363,0.1714,0.384,0.26594,0.0040559,0.2209,0.68359,0.44824,0.2655,0.47762,0.37687,0.077806,0.23849,0.26712,0.57796,0.36925,0.4074,0.011232,0.043343,0.30119,0.37932
0.081405,0.050556,0.10927,0.058734,1,0.1448,0.1363,0.14218,0.083994,0.077522,0.097228,0.07901,0.070048,0.13088,0.10983,0.07567,0.082338,0.097528,0.088897,0.070806,0.092347,0.081257,0.097171,0.1058,0.052232,0.10115,0.11603,0.093566,0.1085,0.10305,0.042955,0.078629,0.077522,0.089327,0.076407,0.045641,0.082742,0.06063,0.049949,0.11365,0.10724,0.11317,0.076967,0.073272,0.068874,0.073781,0.061871,0.10732,0.069853,0.068851,0.054863,0.064088,0.070062,0.066176,0.085387,0.065764,0.078766,0.09282,0.044067,0.063279,0.095251,0.084142,0.093834,0.078612,0.038097,0.036933,0.067775,0.076074
0.31203,0.2076,0.24599,0.44345,0.1448,1,0.40922,0.47719,0.21952,0.54514,0.19886,0.51818,0.13954,0.31074,0.27613,0.31264,0.25001,0.16636,0.2249,0.42121,0.37538,0.24344,0.41017,0.34868,0.099411,0.27322,0.29078,0.56275,0.4123,0.37347,0.087289,0.10385,0.28016,0.31187,0.31788,0.1932,0.27187,0.43598,0.1116,0.63824,0.38555,0.41548,0.23444,0.5174,0.18095,0.50221,0.13409,0.28881,0.27288,0.31473,0.24951,0.12397,0.24676,0.40792,0.35939,0.20876,0.3985,0.36685,0.081824,0.22766,0.29334,0.53914,0.37528,0.36163,0.082215,0.092815,0.25422,0.30752
0.39074,0.10157,0.75904,0.22221,0.1363,0.40922,1,0.53109,0.49676,0.31183,0.3149,0.32607,0.27333,0.71165,0.29219,0.23182,0.33857,0.4532,0.34231,0.31757,0.28377,0.37373,0.26688,0.70257,0.19277,0.55987,0.6037,0.38513,0.35633,0.44904,0.25182,0.13458,0.26237,0.17525,0.28444,0.095848,0.58471,0.22756,0.11542,0.37209,0.73678,0.42378,0.4379,0.29264,0.25247,0.30844,0.26679,0.59627,0.27411,0.21172,0.16771,0.39115,0.19705,0.30696,0.28036,0.29147,0.21736,0.61911,0.15106,0.4235,0.4939,0.33119,0.30702,0.24764,0.25444,0.11923,0.24742,0.15712
0.32987,0.16593,0.44976,0.2152,0.14218,0.47719,0.53109,1,0.18563,0.32564,0.2815,0.27501,0.10869,0.45859,0.17889,0.23958,0.35364,0.3647,0.34066,0.2472,0.29629,0.26128,0.3909,0.28269,0.04252,0.44784,0.36643,0.49662,0.32659,0.53557,0.088778,0.11364,0.22732,0.27703,0.26229,0.14256,0.37234,0.21881,0.11473,0.40401,0.42279,0.5062,0.1721,0.29909,0.22598,0.26554,0.08943,0.32326,0.17866,0.23708,0.28418,0.25826,0.27768,0.2389,0.2741,0.20698,0.31567,0.25858,0.023224,0.30909,0.28841,0.43894,0.27607,0.39344,0.094487,0.063297,0.20428,0.24634
0.16728,0.1018,0.35644,0.18632,0.083994,0.21952,0.49676,0.18563,1,0.20939,0.1831,0.26124,0.30244,0.38501,0.26258,0.17738,0.090023,0.17846,0.098199,0.24572,0.21394,0.31637,0.13135,0.615,0.27234,0.2526,0.40449,0.14722,0.24291,0.12514,0.20212,0.097045,0.21195,0.12296,0.14998,0.10253,0.26751,0.19006,0.077191,0.21038,0.40971,0.167,0.4596,0.20616,0.13975,0.23405,0.29632,0.36892,0.22744,0.16117,-0.0022854,0.14455,0.033308,0.24585,0.21481,0.26634,0.13192,0.53159,0.23536,0.19799,0.35087,0.14255,0.22544,0.076322,0.17736,0.1024,0.20598,0.11827
0.28831,0.24116,0.18002,0.50665,0.077522,0.54514,0.31183,0.32564,0.20939,1,0.18546,0.51945,0.099053,0.24132,0.12567,0.31375,0.24395,0.13348,0.21787,0.51812,0.38116,0.28014,0.39348,0.29129,0.1178,0.28037,0.26802,0.53105,0.38702,0.32323,0.072336,0.071944,0.31044,0.31308,0.31344,0.23306,0.24292,0.52199,0.085691,0.51426,0.34712,0.35191,0.22068,0.87036,0.19791,0.51219,0.10137,0.26711,0.15328,0.31151,0.28624,0.13341,0.28007,0.51813,0.37703,0.27241,0.42111,0.32549,0.1145,0.29546,0.31779,0.54266,0.36123,0.3828,0.071632,0.063157,0.29532,0.33842
0.20167,0.18198,0.31718,0.14445,0.097228,0.19886,0.3149,0.2815,0.1831,0.18546,1,0.17924,0.19171,0.29273,0.10724,0.15377,0.33966,0.30679,0.34676,0.20915,0.17227,0.25146,0.22909,0.24439,0.16769,0.38605,0.35934,0.19748,0.22884,0.31388,0.11243,0.079193,0.19672,0.26468,0.18149,0.18036,0.22444,0.14667,0.069541,0.1762,0.22788,0.214,0.15171,0.18333,0.25821,0.17806,0.10095,0.21354,0.092651,0.15128,0.23999,0.20595,0.2847,0.20614,0.16394,0.20044,0.19173,0.19833,0.12653,0.24892,0.28561,0.17606,0.19184,0.22437,0.077601,0.030339,0.19004,0.21942
0.27603,0.28388,0.19161,0.75154,0.07901,0.51818,0.32607,0.27501,0.26124,0.51945,0.17924,1,0.086711,0.21649,0.20921,0.35629,0.2642,0.080643,0.20018,0.72904,0.43352,0.30233,0.44423,0.40901,0.11488,0.30534,0.29803,0.58922,0.39311,0.37881,0.057891,0.0605,0.33695,0.3561,0.32619,0.26737,0.23631,0.73822,0.074878,0.49392,0.34315,0.2931,0.26272,0.50384,0.18051,0.77845,0.087066,0.22987,0.22907,0.36722,0.28156,0.074876,0.25212,0.70138,0.42678,0.27996,0.45389,0.43547,0.10569,0.28505,0.33551,0.57372,0.37598,0.40951,0.048597,0.056023,0.32384,0.37511
0.12156,0.011491,0.2073,0.046975,0.070048,0.13954,0.27333,0.10869,0.30244,0.099053,0.19171,0.086711,1,0.30381,0.16936,0.099891,0.023896,0.19485,0.083691,0.082991,0.14478,0.097842,0.056736,0.30487,0.28182,0.034428,0.31095,-0.001213,0.17569,-0.033888,0.22536,0.11497,0.10873,0.031933,0.077539,-0.00042689,0.060296,0.047334,0.058711,0.13108,0.14144,0.066496,0.24868,0.10244,0.06623,0.079561,0.33241,0.23657,0.14822,0.082003,-0.11894,0.090033,-0.04676,0.081495,0.15423,0.03826,0.063348,0.22635,0.19023,-0.058178,0.17935,-0.0045598,0.15691,-0.076475,0.16353,0.12049,0.10038,0.01685
0.50142,0.071143,0.61094,0.14025,0.13088,0.31074,0.71165,0.45859,0.38501,0.24132,0.29273,0.21649,0.30381,1,0.20699,0.20018,0.38121,0.51943,0.45356,0.20158,0.28263,0.26898,0.23081,0.48443,0.18904,0.35894,0.60496,0.17817,0.43732,0.34298,0.32982,0.20928,0.23286,0.16799,0.32624,0.044939,0.36918,0.14382,0.1053,0.28403,0.48481,0.34532,0.30614,0.23836,0.19625,0.20477,0.26826,0.63377,0.17828,0.18283,0.093014,0.40959,0.20749,0.19126,0.27173,0.18307,0.18748,0.38389,0.13715,0.2031,0.44047,0.15577,0.33185,0.15421,0.27505,0.17889,0.20916,0.12207
0.095701,0.070494,0.20349,0.13817,0.10983,0.27613,0.29219,0.17889,0.26258,0.12567,0.10724,0.20921,0.16936,0.20699,1,0.13398,0.064684,0.099138,0.061328,0.16373,0.15482,0.14104,0.13069,0.33857,0.13297,0.14364,0.21542,0.16889,0.17863,0.10975,0.085809,0.063414,0.14167,0.10902,0.11262,0.06579,0.18501,0.13449,0.068667,0.22232,0.25701,0.14978,0.24291,0.11499,0.093171,0.18448,0.17684,0.2002,0.24445,0.12487,0.028086,0.070386,0.045988,0.16127,0.15326,0.11371,0.11803,0.31897,0.11216,0.1037,0.1952,0.15024,0.16232,0.079153,0.08391,0.075206,0.12614,0.094182
0.28547,0.26344,0.15913,0.3718,0.07567,0.31264,0.23182,0.23958,0.17738,0.31375,0.15377,0.35629,0.099891,0.20018,0.13398,1,0.23562,0.091872,0.1862,0.30534,0.60131,0.31009,0.59057,0.29961,0.10041,0.24078,0.34389,0.44007,0.41938,0.39458,0.069675,0.065825,0.3384,0.37794,0.32022,0.22148,0.17912,0.35957,0.076904,0.31909,0.23189,0.26119,0.18878,0.31964,0.13743,0.36776,0.094152,0.20853,0.1565,0.59002,0.23522,0.068499,0.20285,0.29712,0.59488,0.25752,0.59138,0.30524,0.087566,0.20209,0.33798,0.44262,0.41835,0.42465,0.052046,0.058633,0.3248,0.40031
0.4616,0.2746,0.41959,0.23074,0.082338,0.25001,0.33857,0.35364,0.090023,0.24395,0.33966,0.2642,0.023896,0.38121,0.064684,0.23562,1,0.34166,0.63976,0.27384,0.28014,0.26599,0.44362,0.18934,0.043349,0.49062,0.48033,0.3052,0.38414,0.52014,0.10279,0.08497,0.25206,0.37929,0.36259,0.24076,0.28547,0.23001,0.053175,0.23419,0.23453,0.27489,0.061777,0.24328,0.2415,0.26074,-0.01586,0.24899,0.064813,0.25016,0.43852,0.22906,0.46822,0.26508,0.26488,0.20289,0.35132,0.15201,0.021401,0.29264,0.36351,0.28032,0.31062,0.37622,0.052135,0.03252,0.23852,0.31875
0.27798,0.00088526,0.49382,0.017099,0.097528,0.16636,0.4532,0.3647,0.17846,0.13348,0.30679,0.080643,0.19485,0.51943,0.099138,0.091872,0.34166,1,0.45171,0.089338,0.12507,0.1403,0.12832,0.16141,0.063432,0.31865,0.41511,0.060323,0.20219,0.22832,0.19036,0.13348,0.11973,0.086952,0.16065,-0.018031,0.23088,0.024699,0.068228,0.14161,0.23914,0.22285,0.10627,0.13825,0.17742,0.069828,0.13547,0.32859,0.074371,0.079728,0.083466,0.42629,0.18731,0.085482,0.13532,0.051998,0.083998,0.0712,0.019955,0.11192,0.21601,0.037341,0.15761,0.056119,0.15293,0.082547,0.11584,0.047095
0.47201,0.18995,0.41315,0.16473,0.088897,0.2249,0.34231,0.34066,0.098199,0.21787,0.34676,0.20018,0.083691,0.45356,0.061328,0.1862,0.63976,0.45171,1,0.21314,0.22439,0.21102,0.32402,0.15196,0.052611,0.39098,0.45877,0.20777,0.35253,0.4049,0.15894,0.11478,0.20163,0.28418,0.33156,0.15539,0.21137,0.16901,0.05258,0.20695,0.18121,0.2462,0.05013,0.2275,0.22708,0.19985,0.02559,0.27757,0.050714,0.19213,0.31194,0.28638,0.44784,0.20551,0.21965,0.1288,0.25404,0.088967,0.019266,0.17008,0.28751,0.18835,0.27738,0.2478,0.097033,0.061982,0.19458,0.23078
0.22674,0.28971,0.22572,0.7133,0.070806,0.42121,0.31757,0.2472,0.24572,0.51812,0.20915,0.72904,0.082991,0.20158,0.16373,0.30534,0.27384,0.089338,0.21314,1,0.3768,0.31358,0.4074,0.39591,0.13543,0.33051,0.31356,0.51246,0.3223,0.3621,0.058179,0.04633,0.33356,0.33824,0.27277,0.27698,0.25639,0.70591,0.066541,0.40434,0.32937,0.2598,0.26048,0.49482,0.20304,0.71418,0.08599,0.21363,0.18436,0.3112,0.2863,0.093626,0.2664,0.81922,0.36655,0.29232,0.40496,0.41245,0.12827,0.30688,0.34781,0.49388,0.30415,0.38014,0.052366,0.043217,0.32879,0.35811
0.37763,0.28402,0.21481,0.45254,0.092347,0.37538,0.28377,0.29629,0.21394,0.38116,0.17227,0.43352,0.14478,0.28263,0.15482,0.60131,0.28014,0.12507,0.22439,0.3768,1,0.29748,0.77021,0.32347,0.11534,0.26276,0.40939,0.51535,0.55399,0.48121,0.10024,0.093392,0.42994,0.47431,0.37111,0.23387,0.19743,0.43572,0.090923,0.37342,0.2568,0.29388,0.22333,0.37254,0.14858,0.44418,0.12688,0.25888,0.17908,0.57852,0.23275,0.092064,0.19489,0.36345,0.8345,0.2582,0.72324,0.32851,0.096746,0.20025,0.38307,0.49211,0.51229,0.48992,0.079179,0.086578,0.39374,0.46999
0.19776,0.32722,0.27686,0.28585,0.081257,0.24344,0.37373,0.26128,0.31637,0.28014,0.25146,0.30233,0.097842,0.26898,0.14104,0.31009,0.26599,0.1403,0.21102,0.31358,0.29748,1,0.33695,0.45091,0.20351,0.44565,0.39359,0.34263,0.28716,0.43146,0.067417,0.045842,0.29218,0.34469,0.24838,0.30364,0.28334,0.29189,0.075956,0.23578,0.35953,0.26788,0.30073,0.2785,0.23348,0.30366,0.10687,0.27084,0.13308,0.30538,0.2948,0.1199,0.27527,0.31644,0.28763,0.45798,0.32385,0.43187,0.1874,0.39113,0.41039,0.33532,0.28778,0.39521,0.061242,0.03111,0.28859,0.34689
0.3779,0.37743,0.25054,0.45538,0.097171,0.41017,0.26688,0.3909,0.13135,0.39348,0.22909,0.44423,0.056736,0.23081,0.13069,0.59057,0.44362,0.12832,0.32402,0.4074,0.77021,0.33695,1,0.26215,0.059851,0.40344,0.43666,0.62744,0.53048,0.64225,0.042355,0.06763,0.41875,0.55157,0.393,0.32057,0.2587,0.43886,0.088146,0.40085,0.26057,0.36078,0.15497,0.38019,0.19494,0.45406,0.038265,0.1845,0.15645,0.58693,0.42096,0.070882,0.3318,0.39447,0.70361,0.29969,0.79896,0.28051,0.04562,0.30001,0.41902,0.5938,0.48337,0.62927,0.018926,0.043989,0.38763,0.53732
0.25113,0.21002,0.4891,0.34619,0.1058,0.34868,0.70257,0.28269,0.615,0.29129,0.24439,0.40901,0.30487,0.48443,0.33857,0.29961,0.18934,0.16141,0.15196,0.39591,0.32347,0.45091,0.26215,1,0.31957,0.45449,0.54766,0.35953,0.34955,0.31764,0.23082,0.10084,0.30625,0.23754,0.2676,0.20887,0.43657,0.33984,0.09494,0.3341,0.6286,0.28655,0.56803,0.28306,0.20635,0.39324,0.31919,0.4906,0.31944,0.28424,0.10789,0.14769,0.13057,0.3889,0.32383,0.39715,0.2564,0.81518,0.27869,0.37715,0.52098,0.34185,0.33348,0.24621,0.21015,0.11147,0.2964,0.23375
0.064086,0.14512,0.13242,0.087357,0.052232,0.099411,0.19277,0.04252,0.27234,0.1178,0.16769,0.11488,0.28182,0.18904,0.13297,0.10041,0.043349,0.063432,0.052611,0.13543,0.11534,0.20351,0.059851,0.31957,1,0.14504,0.31708,0.031642,0.15194,0.033492,0.12684,0.068738,0.14278,0.11403,0.07608,0.14683,0.089746,0.089332,0.048136,0.094237,0.15508,0.05488,0.25358,0.12559,0.12486,0.11275,0.23603,0.19105,0.11171,0.093038,-0.0089596,0.032113,0.033317,0.13769,0.11481,0.18415,0.07011,0.27427,0.30156,0.10478,0.27297,0.038282,0.13931,0.025859,0.091904,0.072884,0.14124,0.10445
0.25066,0.31259,0.596,0.25562,0.10115,0.27322,0.55987,0.44784,0.2526,0.28037,0.38605,0.30534,0.034428,0.35894,0.14364,0.24078,0.49062,0.31865,0.39098,0.33051,0.26276,0.44565,0.40344,0.45449,0.14504,1,0.54378,0.43389,0.29512,0.61647,0.066676,0.033399,0.28831,0.36575,0.25091,0.30333,0.50131,0.26328,0.071176,0.24271,0.49571,0.3601,0.23306,0.26741,0.29554,0.29527,0.024347,0.28181,0.12823,0.25072,0.41889,0.23367,0.35662,0.3274,0.24353,0.39378,0.31349,0.40941,0.10715,0.65627,0.48817,0.38437,0.24682,0.46973,0.054204,-0.018807,0.27106,0.32355
0.41613,0.29027,0.60964,0.23094,0.11603,0.29078,0.6037,0.36643,0.40449,0.26802,0.35934,0.29803,0.31095,0.60496,0.21542,0.34389,0.48033,0.41511,0.45877,0.31356,0.40939,0.39359,0.43666,0.54766,0.31708,0.54378,1,0.29109,0.40984,0.43408,0.27838,0.14919,0.31462,0.29408,0.32059,0.23518,0.3675,0.23336,0.089531,0.28407,0.39901,0.29894,0.33092,0.28235,0.231,0.2938,0.24561,0.45529,0.18996,0.3284,0.20002,0.26004,0.25575,0.30769,0.40566,0.28032,0.39022,0.42712,0.22917,0.30659,0.62648,0.26923,0.37027,0.27791,0.18633,0.1228,0.3089,0.27567
0.25895,0.33485,0.21634,0.5892,0.093566,0.56275,0.38513,0.49662,0.14722,0.53105,0.19748,0.58922,-0.001213,0.17817,0.16889,0.44007,0.3052,0.060323,0.20777,0.51246,0.51535,0.34263,0.62744,0.35953,0.031642,0.43389,0.29109,1,0.37628,0.65157,-0.002901,0.036449,0.32342,0.4299,0.32627,0.30911,0.32877,0.57829,0.088806,0.54663,0.42237,0.49205,0.18974,0.51361,0.20169,0.59306,0.002992,0.17876,0.21113,0.44847,0.41924,0.045914,0.3274,0.50245,0.47278,0.32344,0.59785,0.40984,0.030371,0.39002,0.33916,0.88245,0.36431,0.66637,0.00070768,0.018699,0.30309,0.44782
0.54953,0.24703,0.27812,0.38346,0.1085,0.4123,0.35633,0.32659,0.24291,0.38702,0.22884,0.39311,0.17569,0.43732,0.17863,0.41938,0.38414,0.20219,0.35253,0.3223,0.55399,0.28716,0.53048,0.34955,0.15194,0.29512,0.40984,0.37628,1,0.41776,0.14126,0.14843,0.49574,0.43745,0.49583,0.21965,0.24172,0.36861,0.095519,0.39798,0.31482,0.31451,0.24291,0.38162,0.19002,0.39553,0.16066,0.38056,0.19388,0.41738,0.26208,0.15984,0.2765,0.30904,0.52052,0.25896,0.49773,0.35059,0.13088,0.23113,0.3884,0.37449,0.67957,0.38348,0.11317,0.12421,0.42007,0.39678
0.36283,0.38191,0.38688,0.35112,0.10305,0.37347,0.44904,0.53557,0.12514,0.32323,0.31388,0.37881,-0.033888,0.34298,0.10975,0.39458,0.52014,0.22832,0.4049,0.3621,0.48121,0.43146,0.64225,0.31764,0.033492,0.61647,0.43408,0.65157,0.41776,1,0.024947,0.040618,0.36949,0.52471,0.37301,0.34799,0.41473,0.34898,0.089179,0.34662,0.42044,0.47266,0.13901,0.29993,0.28489,0.3789,-0.037057,0.27068,0.12624,0.41718,0.55153,0.19357,0.48002,0.35343,0.41793,0.39273,0.55188,0.32536,0.028615,0.50965,0.45082,0.59516,0.37755,0.75356,0.020802,0.0073065,0.34256,0.50611
0.1696,-0.0066367,0.21409,0.032936,0.042955,0.087289,0.25182,0.088778,0.20212,0.072336,0.11243,0.057891,0.22536,0.32982,0.085809,0.069675,0.10279,0.19036,0.15894,0.058179,0.10024,0.067417,0.042355,0.23082,0.12684,0.066676,0.27838,-0.002901,0.14126,0.024947,1,0.10175,0.070938,0.018198,0.095386,-0.020289,0.071189,0.034147,0.032652,0.085074,0.13159,0.069515,0.14588,0.081732,0.045352,0.055603,0.17617,0.24677,0.068103,0.055962,-0.061764,0.13794,0.029686,0.055169,0.1084,0.024905,0.044459,0.16119,0.086596,-0.021774,0.16755,-0.001214,0.1096,-0.035158,0.21567,0.1015,0.068013,0.0041887
0.13001,0.017766,0.1066,0.043107,0.078629,0.10385,0.13458,0.11364,0.097045,0.071944,0.079193,0.0605,0.11497,0.20928,0.063414,0.065825,0.08497,0.13348,0.11478,0.04633,0.093392,0.045842,0.06763,0.10084,0.068738,0.033399,0.14919,0.036449,0.14843,0.040618,0.10175,1,0.065941,0.059095,0.089214,0.0056694,0.042649,0.043206,0.035263,0.093608,0.076549,0.084851,0.078048,0.07409,0.032362,0.056331,0.10155,0.15821,0.059327,0.051558,-0.0028428,0.086367,0.03482,0.039405,0.091437,0.023336,0.061994,0.078807,0.05018,-0.012593,0.097993,0.03737,0.11417,0.014313,0.073226,0.07936,0.059804,0.040414
0.25525,0.255,0.21601,0.31353,0.077522,0.28016,0.26237,0.22732,0.21195,0.31044,0.19672,0.33695,0.10873,0.23286,0.14167,0.3384,0.25206,0.11973,0.20163,0.33356,0.42994,0.29218,0.41875,0.30625,0.14278,0.28831,0.31462,0.32342,0.49574,0.36949,0.070938,0.065941,1,0.40281,0.28688,0.24122,0.23276,0.31162,0.073593,0.26983,0.27192,0.23254,0.22235,0.2995,0.19209,0.33309,0.10539,0.23809,0.15269,0.34325,0.25432,0.1265,0.23571,0.32914,0.40736,0.28121,0.40259,0.31368,0.13287,0.26837,0.34884,0.31955,0.43893,0.36968,0.061514,0.051639,0.43758,0.37533
0.23925,0.38023,0.1364,0.3556,0.089327,0.31187,0.17525,0.27703,0.12296,0.31308,0.26468,0.3561,0.031933,0.16799,0.10902,0.37794,0.37929,0.086952,0.28418,0.33824,0.47431,0.34469,0.55157,0.23754,0.11403,0.36575,0.29408,0.4299,0.43745,0.52471,0.018198,0.059095,0.40281,1,0.30261,0.35409,0.18761,0.35082,0.082669,0.29801,0.20842,0.27618,0.14839,0.3041,0.22849,0.36237,0.02668,0.15193,0.12634,0.39676,0.40116,0.058961,0.35127,0.33694,0.43295,0.33354,0.50311,0.26032,0.11046,0.30499,0.34388,0.42348,0.38152,0.53658,0.0005428,0.034797,0.35048,0.52026
0.49807,0.22434,0.21438,0.3169,0.076407,0.31788,0.28444,0.26229,0.14998,0.31344,0.18149,0.32619,0.077539,0.32624,0.11262,0.32022,0.36259,0.16065,0.33156,0.27277,0.37111,0.24838,0.393,0.2676,0.07608,0.25091,0.32059,0.32627,0.49583,0.37301,0.095386,0.089214,0.28688,0.30261,1,0.20917,0.28008,0.3169,0.073755,0.35358,0.34598,0.35204,0.16205,0.32791,0.1942,0.33588,0.08532,0.44531,0.1326,0.32762,0.35533,0.19578,0.41285,0.26651,0.38633,0.22884,0.41143,0.30086,0.078599,0.26311,0.38411,0.33848,0.56821,0.39712,0.10482,0.10265,0.28729,0.33698
0.11479,0.36244,0.060501,0.27156,0.045641,0.1932,0.095848,0.14256,0.10253,0.23306,0.18036,0.26737,-0.00042689,0.044939,0.06579,0.22148,0.24076,-0.018031,0.15539,0.27698,0.23387,0.30364,0.32057,0.20887,0.14683,0.30333,0.23518,0.30911,0.21965,0.34799,-0.020289,0.0056694,0.24122,0.35409,0.20917,1,0.16017,0.27264,0.052534,0.19523,0.1663,0.18752,0.12808,0.23144,0.19515,0.27621,0.013492,0.0891,0.082481,0.24935,0.33763,-0.0019043,0.29252,0.27958,0.22156,0.32567,0.3212,0.23608,0.16176,0.31719,0.34181,0.31517,0.22383,0.39191,-0.022276,-2.3761e-05,0.23889,0.36421
0.20967,0.12331,0.56455,0.14352,0.082742,0.27187,0.58471,0.37234,0.26751,0.24292,0.22444,0.23631,0.060296,0.36918,0.18501,0.17912,0.28547,0.23088,0.21137,0.25639,0.19743,0.28334,0.2587,0.43657,0.089746,0.50131,0.3675,0.32877,0.24172,0.41473,0.071189,0.042649,0.23276,0.18761,0.28008,0.16017,1,0.15531,0.10131,0.26911,0.77651,0.44432,0.3179,0.20363,0.34196,0.22522,0.15107,0.55319,0.20452,0.17626,0.41201,0.47383,0.36981,0.25646,0.20251,0.32323,0.25189,0.52698,0.12018,0.68365,0.58783,0.33054,0.25487,0.4015,0.1864,0.062854,0.22984,0.21185
0.25856,0.2947,0.10444,0.83382,0.06063,0.43598,0.22756,0.21881,0.19006,0.52199,0.14667,0.73822,0.047334,0.14382,0.13449,0.35957,0.23001,0.024699,0.16901,0.70591,0.43572,0.29189,0.43886,0.33984,0.089332,0.26328,0.23336,0.57829,0.36861,0.34898,0.034147,0.043206,0.31162,0.35082,0.3169,0.27264,0.15531,1,0.059102,0.44822,0.26266,0.25879,0.21924,0.53718,0.14915,0.76907,0.044123,0.16668,0.16974,0.37581,0.27124,0.018167,0.22913,0.72049,0.43669,0.27631,0.46655,0.38691,0.085169,0.25459,0.27324,0.58501,0.36656,0.41004,0.013896,0.040137,0.30607,0.37885
0.064262,0.047831,0.081147,0.058986,0.049949,0.1116,0.11542,0.11473,0.077191,0.085691,0.069541,0.074878,0.058711,0.1053,0.068667,0.076904,0.053175,0.068228,0.05258,0.066541,0.090923,0.075956,0.088146,0.09494,0.048136,0.071176,0.089531,0.088806,0.095519,0.089179,0.032652,0.035263,0.073593,0.082669,0.073755,0.052534,0.10131,0.059102,1,0.13609,0.12581,0.12774,0.08128,0.082666,0.086674,0.073179,0.067469,0.12675,0.095689,0.076447,0.065612,0.082163,0.069742,0.066399,0.093454,0.077345,0.087437,0.10007,0.053731,0.085784,0.1074,0.086951,0.10171,0.086738,0.045175,0.089489,0.07387,0.086831
0.30192,0.20511,0.21642,0.4449,0.11365,0.63824,0.37209,0.40401,0.21038,0.51426,0.1762,0.49392,0.13108,0.28403,0.22232,0.31909,0.23419,0.14161,0.20695,0.40434,0.37342,0.23578,0.40085,0.3341,0.094237,0.24271,0.28407,0.54663,0.39798,0.34662,0.085074,0.093608,0.26983,0.29801,0.35358,0.19523,0.26911,0.44822,0.13609,1,0.39972,0.47139,0.2309,0.55368,0.18144,0.52234,0.13296,0.31658,0.30629,0.3255,0.26147,0.12836,0.25625,0.41044,0.38071,0.21088,0.42569,0.36848,0.081003,0.2308,0.30048,0.56672,0.41025,0.38727,0.081099,0.10268,0.25942,0.32061
0.25381,0.13018,0.55723,0.24479,0.10724,0.38555,0.73678,0.42279,0.40971,0.34712,0.22788,0.34315,0.14144,0.48481,0.25701,0.23189,0.23453,0.23914,0.18121,0.32937,0.2568,0.35953,0.26057,0.6286,0.15508,0.49571,0.39901,0.42237,0.31482,0.42044,0.13159,0.076549,0.27192,0.20842,0.34598,0.1663,0.77651,0.26266,0.12581,0.39972,1,0.52516,0.45851,0.32183,0.34154,0.33574,0.24181,0.69522,0.28727,0.22547,0.35397,0.46606,0.32509,0.33293,0.26473,0.40017,0.26289,0.73092,0.18481,0.67593,0.61443,0.44485,0.33266,0.42799,0.24434,0.10341,0.26577,0.2328
0.27709,0.18675,0.31985,0.2481,0.11317,0.41548,0.42378,0.5062,0.167,0.35191,0.214,0.2931,0.066496,0.34532,0.14978,0.26119,0.27489,0.22285,0.2462,0.2598,0.29388,0.26788,0.36078,0.28655,0.05488,0.3601,0.29894,0.49205,0.31451,0.47266,0.069515,0.084851,0.23254,0.27618,0.35204,0.18752,0.44432,0.25879,0.12774,0.47139,0.52516,1,0.19983,0.35731,0.26868,0.30101,0.10341,0.46046,0.18532,0.27011,0.37152,0.30105,0.36177,0.26081,0.30541,0.27085,0.37579,0.33687,0.068411,0.42297,0.39439,0.51634,0.349,0.50372,0.10638,0.097284,0.23131,0.30619
0.13623,0.11942,0.29085,0.20859,0.076967,0.23444,0.4379,0.1721,0.4596,0.22068,0.15171,0.26272,0.24868,0.30614,0.24291,0.18878,0.061777,0.10627,0.05013,0.26048,0.22333,0.30073,0.15497,0.56803,0.25358,0.23306,0.33092,0.18974,0.24291,0.13901,0.14588,0.078048,0.22235,0.14839,0.16205,0.12808,0.3179,0.21924,0.08128,0.2309,0.45851,0.19983,1,0.21157,0.16552,0.27232,0.28921,0.3731,0.26139,0.18402,0.049435,0.14106,0.06205,0.26084,0.22192,0.30967,0.16133,0.5927,0.24076,0.26321,0.37054,0.19868,0.23715,0.1349,0.16611,0.09578,0.21628,0.1531
0.2942,0.24449,0.16939,0.50748,0.073272,0.5174,0.29264,0.29909,0.20616,0.87036,0.18333,0.50384,0.10244,0.23836,0.11499,0.31964,0.24328,0.13825,0.2275,0.49482,0.37254,0.2785,0.38019,0.28306,0.12559,0.26741,0.28235,0.51361,0.38162,0.29993,0.081732,0.07409,0.2995,0.3041,0.32791,0.23144,0.20363,0.53718,0.082666,0.55368,0.32183,0.35731,0.21157,1,0.18144,0.53096,0.095633,0.26268,0.14893,0.31992,0.26786,0.11457,0.26598,0.52739,0.38791,0.26276,0.43438,0.30476,0.11459,0.26688,0.30326,0.56104,0.38235,0.38051,0.061809,0.062098,0.29616,0.33826
0.14217,0.16627,0.23413,0.13972,0.068874,0.18095,0.25247,0.22598,0.13975,0.19791,0.25821,0.18051,0.06623,0.19625,0.093171,0.13743,0.2415,0.17742,0.22708,0.20304,0.14858,0.23348,0.19494,0.20635,0.12486,0.29554,0.231,0.20169,0.19002,0.28489,0.045352,0.032362,0.19209,0.22849,0.1942,0.19515,0.34196,0.14915,0.086674,0.18144,0.34154,0.26868,0.16552,0.18144,1,0.17593,0.173,0.29815,0.10174,0.14292,0.33508,0.33754,0.3722,0.20254,0.14673,0.25056,0.19257,0.2448,0.14629,0.40486,0.3632,0.19923,0.20877,0.29148,0.12048,0.059107,0.19472,0.25787
0.27621,0.29141,0.17671,0.75898,0.073781,0.50221,0.30844,0.26554,0.23405,0.51219,0.17806,0.77845,0.079561,0.20477,0.18448,0.36776,0.26074,0.069828,0.19985,0.71418,0.44418,0.30366,0.45406,0.39324,0.11275,0.29527,0.2938,0.59306,0.39553,0.3789,0.055603,0.056331,0.33309,0.36237,0.33588,0.27621,0.22522,0.76907,0.073179,0.52234,0.33574,0.30101,0.27232,0.53096,0.17593,1,0.077901,0.22495,0.24295,0.381,0.2869,0.066107,0.25391,0.73334,0.44307,0.28423,0.47321,0.43742,0.1037,0.27996,0.32977,0.59952,0.38965,0.42517,0.041692,0.052421,0.32826,0.38944
0.090487,0.0071626,0.1816,0.040347,0.061871,0.13409,0.26679,0.08943,0.29632,0.10137,0.10095,0.087066,0.33241,0.26826,0.17684,0.094152,-0.01586,0.13547,0.02559,0.08599,0.12688,0.10687,0.038265,0.31919,0.23603,0.024347,0.24561,0.002992,0.16066,-0.037057,0.17617,0.10155,0.10539,0.02668,0.08532,0.013492,0.15107,0.044123,0.067469,0.13296,0.24181,0.10341,0.28921,0.095633,0.173,0.077901,1,0.30339,0.16594,0.076923,-0.076689,0.1534,-0.011449,0.083735,0.13541,0.091209,0.054125,0.30237,0.25825,0.039988,0.24052,0.007679,0.16233,-0.044777,0.20616,0.13489,0.10256,0.025118
0.38467,0.076924,0.46607,0.15363,0.10732,0.28881,0.59627,0.32326,0.36892,0.26711,0.21354,0.22987,0.23657,0.63377,0.2002,0.20853,0.24899,0.32859,0.27757,0.21363,0.25888,0.27084,0.1845,0.4906,0.19105,0.28181,0.45529,0.17876,0.38056,0.27068,0.24677,0.15821,0.23809,0.15193,0.44531,0.0891,0.55319,0.16668,0.12675,0.31658,0.69522,0.46046,0.3731,0.26268,0.29815,0.22495,0.30339,1,0.21151,0.19747,0.22488,0.525,0.32915,0.2134,0.27878,0.2787,0.2144,0.52473,0.20442,0.41667,0.59185,0.20033,0.42755,0.25751,0.31662,0.20502,0.23828,0.17606
0.10617,0.078299,0.17494,0.1714,0.069853,0.27288,0.27411,0.17866,0.22744,0.15328,0.092651,0.22907,0.14822,0.17828,0.24445,0.1565,0.064813,0.074371,0.050714,0.18436,0.17908,0.13308,0.15645,0.31944,0.11171,0.12823,0.18996,0.21113,0.19388,0.12624,0.068103,0.059327,0.15269,0.12634,0.1326,0.082481,0.20452,0.16974,0.095689,0.30629,0.28727,0.18532,0.26139,0.14893,0.10174,0.24295,0.16594,0.21151,1,0.1553,0.063122,0.0837,0.064258,0.18215,0.18376,0.12159,0.15866,0.34167,0.10118,0.13007,0.20005,0.21335,0.19681,0.12392,0.082253,0.079961,0.14397,0.12888
0.27876,0.28418,0.14296,0.384,0.068851,0.31473,0.21172,0.23708,0.16117,0.31151,0.15128,0.36722,0.082003,0.18283,0.12487,0.59002,0.25016,0.079728,0.19213,0.3112,0.57852,0.30538,0.58693,0.28424,0.093038,0.25072,0.3284,0.44847,0.41738,0.41718,0.055962,0.051558,0.34325,0.39676,0.32762,0.24935,0.17626,0.37581,0.076447,0.3255,0.22547,0.27011,0.18402,0.31992,0.14292,0.381,0.076923,0.19747,0.1553,1,0.26783,0.051953,0.22624,0.30689,0.59906,0.30532,0.62109,0.30917,0.083711,0.21915,0.35452,0.47377,0.42345,0.46881,0.037568,0.056264,0.33183,0.42761
0.20457,0.31862,0.17523,0.26594,0.054863,0.24951,0.16771,0.28418,-0.0022854,0.28624,0.23999,0.28156,-0.11894,0.093014,0.028086,0.23522,0.43852,0.083466,0.31194,0.2863,0.23275,0.2948,0.42096,0.10789,-0.0089596,0.41889,0.20002,0.41924,0.26208,0.55153,-0.061764,-0.0028428,0.25432,0.40116,0.35533,0.33763,0.41201,0.27124,0.065612,0.26147,0.35397,0.37152,0.049435,0.26786,0.33508,0.2869,-0.076689,0.22488,0.063122,0.26783,1,0.23482,0.6146,0.28418,0.2329,0.32924,0.43125,0.2017,0.027794,0.54525,0.42096,0.43197,0.29688,0.62452,-0.0092073,-0.015326,0.25664,0.45308
0.20302,-0.032844,0.40472,0.0040559,0.064088,0.12397,0.39115,0.25826,0.14455,0.13341,0.20595,0.074876,0.090033,0.40959,0.070386,0.068499,0.22906,0.42629,0.28638,0.093626,0.092064,0.1199,0.070882,0.14769,0.032113,0.23367,0.26004,0.045914,0.15984,0.19357,0.13794,0.086367,0.1265,0.058961,0.19578,-0.0019043,0.47383,0.018167,0.082163,0.12836,0.46606,0.30105,0.14106,0.11457,0.33754,0.066107,0.1534,0.525,0.0837,0.051953,0.23482,1,0.34414,0.094228,0.10551,0.13199,0.072166,0.1801,0.06161,0.39062,0.39394,0.045954,0.1643,0.1458,0.24158,0.10273,0.12675,0.075296
0.27406,0.27667,0.19572,0.2209,0.070062,0.24676,0.19705,0.27768,0.033308,0.28007,0.2847,0.25212,-0.04676,0.20749,0.045988,0.20285,0.46822,0.18731,0.44784,0.2664,0.19489,0.27527,0.3318,0.13057,0.033317,0.35662,0.25575,0.3274,0.2765,0.48002,0.029686,0.03482,0.23571,0.35127,0.41285,0.29252,0.36981,0.22913,0.069742,0.25625,0.32509,0.36177,0.06205,0.26598,0.3722,0.25391,-0.011449,0.32915,0.064258,0.22624,0.6146,0.34414,1,0.26383,0.19701,0.28601,0.33738,0.19724,0.05832,0.44698,0.43128,0.33087,0.31187,0.49966,0.068565,0.039741,0.23454,0.38325
0.21108,0.29113,0.21797,0.68359,0.066176,0.40792,0.30696,0.2389,0.24585,0.51813,0.20614,0.70138,0.081495,0.19126,0.16127,0.29712,0.26508,0.085482,0.20551,0.81922,0.36345,0.31644,0.39447,0.3889,0.13769,0.3274,0.30769,0.50245,0.30904,0.35343,0.055169,0.039405,0.32914,0.33694,0.26651,0.27958,0.25646,0.72049,0.066399,0.41044,0.33293,0.26081,0.26084,0.52739,0.20254,0.73334,0.083735,0.2134,0.18215,0.30689,0.28418,0.094228,0.26383,1,0.35801,0.29507,0.39731,0.41504,0.1326,0.30998,0.34607,0.49941,0.3009,0.38159,0.049433,0.041199,0.32861,0.35624
0.35831,0.26354,0.21529,0.44824,0.085387,0.35939,0.28036,0.2741,0.21481,0.37703,0.16394,0.42678,0.15423,0.27173,0.15326,0.59488,0.26488,0.13532,0.21965,0.36655,0.8345,0.28763,0.70361,0.32383,0.11481,0.24353,0.40566,0.47278,0.52052,0.41793,0.1084,0.091437,0.40736,0.43295,0.38633,0.22156,0.20251,0.43669,0.093454,0.38071,0.26473,0.30541,0.22192,0.38791,0.14673,0.44307,0.13541,0.27878,0.18376,0.59906,0.2329,0.10551,0.19701,0.35801,1,0.24283,0.77423,0.32515,0.094649,0.19805,0.38398,0.50291,0.53623,0.49943,0.086999,0.095371,0.40293,0.48192
0.13177,0.30066,0.1889,0.2655,0.065764,0.20876,0.29147,0.20698,0.26634,0.27241,0.20044,0.27996,0.03826,0.18307,0.11371,0.25752,0.20289,0.051998,0.1288,0.29232,0.2582,0.45798,0.29969,0.39715,0.18415,0.39378,0.28032,0.32344,0.25896,0.39273,0.024905,0.023336,0.28121,0.33354,0.22884,0.32567,0.32323,0.27631,0.077345,0.21088,0.40017,0.27085,0.30967,0.26276,0.25056,0.28423,0.091209,0.2787,0.12159,0.30532,0.32924,0.13199,0.28601,0.29507,0.24283,1,0.30507,0.44944,0.1987,0.46705,0.43781,0.33846,0.26341,0.42581,0.056619,0.02208,0.27659,0.35077
0.33315,0.36262,0.16716,0.47762,0.078766,0.3985,0.21736,0.31567,0.13192,0.42111,0.19173,0.45389,0.063348,0.18748,0.11803,0.59138,0.35132,0.083998,0.25404,0.40496,0.72324,0.32385,0.79896,0.2564,0.07011,0.31349,0.39022,0.59785,0.49773,0.55188,0.044459,0.061994,0.40259,0.50311,0.41143,0.3212,0.25189,0.46655,0.087437,0.42569,0.26289,0.37579,0.16133,0.43438,0.19257,0.47321,0.054125,0.2144,0.15866,0.62109,0.43125,0.072166,0.33738,0.39731,0.77423,0.30507,1,0.28914,0.062135,0.30367,0.4378,0.63852,0.52073,0.66683,0.029133,0.056491,0.40022,0.56413
0.2068,0.22122,0.39116,0.37687,0.09282,0.36685,0.61911,0.25858,0.53159,0.32549,0.19833,0.43547,0.22635,0.38389,0.31897,0.30524,0.15201,0.0712,0.088967,0.41245,0.32851,0.43187,0.28051,0.81518,0.27427,0.40941,0.42712,0.40984,0.35059,0.32536,0.16119,0.078807,0.31368,0.26032,0.30086,0.23608,0.52698,0.38691,0.10007,0.36848,0.73092,0.33687,0.5927,0.30476,0.2448,0.43742,0.30237,0.52473,0.34167,0.30917,0.2017,0.1801,0.19724,0.41504,0.32515,0.44944,0.28914,1,0.27705,0.48647,0.56406,0.42448,0.35409,0.33395,0.20258,0.10489,0.3041,0.27463
0.043583,0.12826,0.086698,0.077806,0.044067,0.081824,0.15106,0.023224,0.23536,0.1145,0.12653,0.10569,0.19023,0.13715,0.11216,0.087566,0.021401,0.019955,0.019266,0.12827,0.096746,0.1874,0.04562,0.27869,0.30156,0.10715,0.22917,0.030371,0.13088,0.028615,0.086596,0.05018,0.13287,0.11046,0.078599,0.16176,0.12018,0.085169,0.053731,0.081003,0.18481,0.068411,0.24076,0.11459,0.14629,0.1037,0.25825,0.20442,0.10118,0.083711,0.027794,0.06161,0.05832,0.1326,0.094649,0.1987,0.062135,0.27705,1,0.1553,0.28667,0.041963,0.13333,0.050282,0.092735,0.073465,0.13271,0.11104
0.14392,0.26164,0.3942,0.23849,0.063279,0.22766,0.4235,0.30909,0.19799,0.29546,0.24892,0.28505,-0.058178,0.2031,0.1037,0.20209,0.29264,0.11192,0.17008,0.30688,0.20025,0.39113,0.30001,0.37715,0.10478,0.65627,0.30659,0.39002,0.23113,0.50965,-0.021774,-0.012593,0.26837,0.30499,0.26311,0.31719,0.68365,0.25459,0.085784,0.2308,0.67593,0.42297,0.26321,0.26688,0.40486,0.27996,0.039988,0.41667,0.13007,0.21915,0.54525,0.39062,0.44698,0.30998,0.19805,0.46705,0.30367,0.48647,0.1553,1,0.60683,0.40297,0.25964,0.55617,0.10113,-0.0016081,0.26811,0.3509
0.29416,0.30569,0.44068,0.26712,0.095251,0.29334,0.4939,0.28841,0.35087,0.31779,0.28561,0.33551,0.17935,0.44047,0.1952,0.33798,0.36351,0.21601,0.28751,0.34781,0.38307,0.41039,0.41902,0.52098,0.27297,0.48817,0.62648,0.33916,0.3884,0.45082,0.16755,0.097993,0.34884,0.34388,0.38411,0.34181,0.58783,0.27324,0.1074,0.30048,0.61443,0.39439,0.37054,0.30326,0.3632,0.32977,0.24052,0.59185,0.20005,0.35452,0.42096,0.39394,0.43128,0.34607,0.38398,0.43781,0.4378,0.56406,0.28667,0.60683,1,0.35523,0.38996,0.4675,0.22105,0.11925,0.3374,0.36979
0.24242,0.33087,0.16844,0.57796,0.084142,0.53914,0.33119,0.43894,0.14255,0.54266,0.17606,0.57372,-0.0045598,0.15577,0.15024,0.44262,0.28032,0.037341,0.18835,0.49388,0.49211,0.33532,0.5938,0.34185,0.038282,0.38437,0.26923,0.88245,0.37449,0.59516,-0.001214,0.03737,0.31955,0.42348,0.33848,0.31517,0.33054,0.58501,0.086951,0.56672,0.44485,0.51634,0.19868,0.56104,0.19923,0.59952,0.007679,0.20033,0.21335,0.47377,0.43197,0.045954,0.33087,0.49941,0.50291,0.33846,0.63852,0.42448,0.041963,0.40297,0.35523,1,0.38897,0.71451,-0.00098195,0.022615,0.31155,0.46954
0.4722,0.24887,0.22417,0.36925,0.093834,0.37528,0.30702,0.27607,0.22544,0.36123,0.19184,0.37598,0.15691,0.33185,0.16232,0.41835,0.31062,0.15761,0.27738,0.30415,0.51229,0.28778,0.48337,0.33348,0.13931,0.24682,0.37027,0.36431,0.67957,0.37755,0.1096,0.11417,0.43893,0.38152,0.56821,0.22383,0.25487,0.36656,0.10171,0.41025,0.33266,0.349,0.23715,0.38235,0.20877,0.38965,0.16233,0.42755,0.19681,0.42345,0.29688,0.1643,0.31187,0.3009,0.53623,0.26341,0.52073,0.35409,0.13333,0.25964,0.38996,0.38897,1,0.4263,0.10907,0.14041,0.46601,0.43849
0.23666,0.40109,0.17375,0.4074,0.078612,0.36163,0.24764,0.39344,0.076322,0.3828,0.22437,0.40951,-0.076475,0.15421,0.079153,0.42465,0.37622,0.056119,0.2478,0.38014,0.48992,0.39521,0.62927,0.24621,0.025859,0.46973,0.27791,0.66637,0.38348,0.75356,-0.035158,0.014313,0.36968,0.53658,0.39712,0.39191,0.4015,0.41004,0.086738,0.38727,0.42799,0.50372,0.1349,0.38051,0.29148,0.42517,-0.044777,0.25751,0.12392,0.46881,0.62452,0.1458,0.49966,0.38159,0.49943,0.42581,0.66683,0.33395,0.050282,0.55617,0.4675,0.71451,0.4263,1,-0.011729,0.0042973,0.3727,0.59593
0.12641,-0.031611,0.20492,0.011232,0.038097,0.082215,0.25444,0.094487,0.17736,0.071632,0.077601,0.048597,0.16353,0.27505,0.08391,0.052046,0.052135,0.15293,0.097033,0.052366,0.079179,0.061242,0.018926,0.21015,0.091904,0.054204,0.18633,0.00070768,0.11317,0.020802,0.21567,0.073226,0.061514,0.0005428,0.10482,-0.022276,0.1864,0.013896,0.045175,0.081099,0.24434,0.10638,0.16611,0.061809,0.12048,0.041692,0.20616,0.31662,0.082253,0.037568,-0.0092073,0.24158,0.068565,0.049433,0.086999,0.056619,0.029133,0.20258,0.092735,0.10113,0.22105,-0.00098195,0.10907,-0.011729,1,0.10122,0.059966,0.0025149
0.11101,0.0063073,0.07765,0.043343,0.036933,0.092815,0.11923,0.063297,0.1024,0.063157,0.030339,0.056023,0.12049,0.17889,0.075206,0.058633,0.03252,0.082547,0.061982,0.043217,0.086578,0.03111,0.043989,0.11147,0.072884,-0.018807,0.1228,0.018699,0.12421,0.0073065,0.1015,0.07936,0.051639,0.034797,0.10265,-2.3761e-05,0.062854,0.040137,0.089489,0.10268,0.10341,0.097284,0.09578,0.062098,0.059107,0.052421,0.13489,0.20502,0.079961,0.056264,-0.015326,0.10273,0.039741,0.041199,0.095371,0.02208,0.056491,0.10489,0.073465,-0.0016081,0.11925,0.022615,0.14041,0.0042973,0.10122,1,0.054586,0.040474
0.22907,0.25044,0.20737,0.30119,0.067775,0.25422,0.24742,0.20428,0.20598,0.29532,0.19004,0.32384,0.10038,0.20916,0.12614,0.3248,0.23852,0.11584,0.19458,0.32879,0.39374,0.28859,0.38763,0.2964,0.14124,0.27106,0.3089,0.30309,0.42007,0.34256,0.068013,0.059804,0.43758,0.35048,0.28729,0.23889,0.22984,0.30607,0.07387,0.25942,0.26577,0.23131,0.21628,0.29616,0.19472,0.32826,0.10256,0.23828,0.14397,0.33183,0.25664,0.12675,0.23454,0.32861,0.40293,0.27659,0.40022,0.3041,0.13271,0.26811,0.3374,0.31155,0.46601,0.3727,0.059966,0.054586,1,0.40096
0.2249,0.38763,0.10218,0.37932,0.076074,0.30752,0.15712,0.24634,0.11827,0.33842,0.21942,0.37511,0.01685,0.12207,0.094182,0.40031,0.31875,0.047095,0.23078,0.35811,0.46999,0.34689,0.53732,0.23375,0.10445,0.32355,0.27567,0.44782,0.39678,0.50611,0.0041887,0.040414,0.37533,0.52026,0.33698,0.36421,0.21185,0.37885,0.086831,0.32061,0.2328,0.30619,0.1531,0.33826,0.25787,0.38944,0.025118,0.17606,0.12888,0.42761,0.45308,0.075296,0.38325,0.35624,0.48192,0.35077,0.56413,0.27463,0.11104,0.3509,0.36979,0.46954,0.43849,0.59593,0.0025149,0.040474,0.40096,1
