1,0.18231,0.41712,0.34435,0.10829,0.40968,0.47538,0.40157,0.23803,0.34738,0.25888,0.36525,0.22485,0.58781,0.17901,0.34927,0.49783,0.3229,0.51528,0.29557,0.45615,0.23984,0.43837,0.35615,0.10384,0.28458,0.48987,0.33095,0.64321,0.41584,0.22957,0.16934,0.32442,0.31796,0.59697,0.15647,0.27796,0.33327,0.10291,0.39506,0.34082,0.36307,0.20376,0.35425,0.20686,0.36408,0.17285,0.4843,0.18217,0.34904,0.25801,0.25971,0.3443,0.27347,0.44799,0.17367,0.40672,0.30667,0.08238,0.18052,0.38082,0.32492,0.57358,0.32348,0.16491,0.15987,0.29148,0.30601
0.18231,1,0.14839,0.32984,0.073963,0.26062,0.19702,0.23734,0.17731,0.28793,0.24307,0.33242,0.056689,0.1569,0.13694,0.31328,0.32657,0.058508,0.24651,0.34736,0.3381,0.38711,0.41265,0.30252,0.18604,0.37762,0.35645,0.38257,0.31084,0.43659,0.023987,0.032601,0.32018,0.43844,0.24402,0.39823,0.18394,0.3277,0.066014,0.25666,0.21863,0.24748,0.18607,0.29041,0.22541,0.33247,0.052153,0.16611,0.13847,0.33488,0.36696,0.039277,0.30704,0.34555,0.32131,0.35259,0.39367,0.30373,0.17886,0.32357,0.36212,0.37419,0.29932,0.4489,0.0035773,0.029192,0.30903,0.43358
0.41712,0.14839,1,0.21526,0.13029,0.33978,0.77084,0.49711,0.38114,0.27637,0.35646,0.29381,0.27657,0.64584,0.2468,0.2499,0.4687,0.50566,0.45624,0.28626,0.32112,0.33024,0.34599,0.5145,0.18119,0.61695,0.64072,0.31932,0.3678,0.45075,0.25496,0.12132,0.27997,0.23353,0.31778,0.13055,0.58817,0.21928,0.10721,0.31293,0.58754,0.38886,0.31712,0.27447,0.27932,0.27881,0.22671,0.51721,0.21916,0.23086,0.23862,0.42931,0.28651,0.28583,0.32093,0.2421,0.27208,0.42881,0.12941,0.41809,0.48477,0.27346,0.33017,0.27607,0.21375,0.11191,0.25713,0.21639
0.34435,0.32984,0.21526,1,0.093745,0.52241,0.36237,0.32398,0.29212,0.56652,0.22428,0.79421,0.13605,0.27286,0.24412,0.44267,0.30144,0.091261,0.25066,0.75826,0.52081,0.36138,0.50861,0.49224,0.13434,0.33405,0.35106,0.63891,0.46975,0.42919,0.096141,0.079519,0.38626,0.4253,0.39109,0.30639,0.24593,0.86143,0.093151,0.51713,0.37329,0.34397,0.30574,0.57285,0.21522,0.79411,0.11859,0.28847,0.26106,0.45848,0.31133,0.090757,0.27248,0.72914,0.52355,0.32653,0.52734,0.51106,0.13145,0.3133,0.37103,0.6349,0.44876,0.46974,0.069475,0.079874,0.36361,0.43789
0.10829,0.073963,0.13029,0.093745,1,0.17159,0.15637,0.15793,0.10057,0.10832,0.10746,0.11079,0.091537,0.15255,0.12762,0.097464,0.1006,0.10551,0.10376,0.09375,0.12327,0.10208,0.1229,0.13059,0.060815,0.11251,0.14384,0.1239,0.1352,0.12494,0.055162,0.082206,0.095213,0.11235,0.10333,0.065675,0.10611,0.094776,0.055606,0.14536,0.13353,0.13972,0.095456,0.10789,0.086362,0.10833,0.083112,0.13637,0.086999,0.095914,0.069147,0.080624,0.084907,0.093709,0.11771,0.086246,0.11086,0.11995,0.053966,0.078147,0.12269,0.11692,0.12199,0.10578,0.054626,0.054924,0.087766,0.10322
0.40968,0.26062,0.33978,0.52241,0.17159,1,0.51556,0.55505,0.28186,0.63108,0.2608,0.60186,0.21077,0.40942,0.3561,0.40315,0.33215,0.21437,0.31163,0.48498,0.46434,0.31821,0.4866,0.45378,0.13168,0.34479,0.3977,0.6327,0.50353,0.4606,0.1513,0.13409,0.34155,0.3914,0.42642,0.24578,0.36182,0.52217,0.14294,0.72043,0.49168,0.51802,0.29303,0.62092,0.25875,0.58774,0.20234,0.41535,0.3473,0.40463,0.31668,0.19602,0.32061,0.47351,0.45972,0.26707,0.4845,0.46449,0.12191,0.30449,0.39272,0.62213,0.47831,0.45925,0.13265,0.14207,0.3116,0.38693
0.47538,0.19702,0.77084,0.36237,0.15637,0.51556,1,0.59113,0.51604,0.43543,0.36226,0.44731,0.33776,0.74348,0.34506,0.33383,0.40774,0.45692,0.40126,0.40461,0.40639,0.43732,0.38391,0.72811,0.23441,0.59888,0.63803,0.50034,0.46223,0.53366,0.2926,0.15003,0.34155,0.29987,0.40639,0.18624,0.61936,0.36899,0.1383,0.47449,0.78023,0.50467,0.46472,0.42719,0.31874,0.42742,0.30876,0.654,0.32234,0.31353,0.25522,0.42523,0.30904,0.40469,0.40115,0.35685,0.34025,0.65923,0.19407,0.47839,0.54793,0.4545,0.42267,0.38312,0.27213,0.15766,0.31458,0.29462
0.40157,0.23734,0.49711,0.32398,0.15793,0.55505,0.59113,1,0.24362,0.4335,0.33212,0.37934,0.18087,0.52549,0.24299,0.32947,0.40326,0.36592,0.38811,0.32259,0.39514,0.32914,0.4707,0.36945,0.098626,0.48461,0.43778,0.58491,0.41953,0.58946,0.13618,0.13511,0.28777,0.35745,0.3493,0.20989,0.42566,0.3265,0.1355,0.48786,0.49493,0.57619,0.22353,0.41802,0.28007,0.37245,0.15382,0.4251,0.23723,0.32545,0.33877,0.28777,0.33782,0.3208,0.3779,0.26053,0.41191,0.34343,0.072102,0.35486,0.36513,0.53575,0.38383,0.48038,0.11372,0.11579,0.26006,0.33568
0.23803,0.17731,0.38114,0.29212,0.10057,0.28186,0.51604,0.24362,1,0.288,0.21822,0.34983,0.33711,0.42394,0.28821,0.25343,0.15594,0.19604,0.16246,0.3237,0.30016,0.37587,0.21712,0.63415,0.29598,0.29799,0.44377,0.23229,0.30804,0.21082,0.22315,0.1034,0.27437,0.2179,0.24229,0.17612,0.30127,0.29345,0.094807,0.27119,0.44266,0.23596,0.48564,0.28929,0.19853,0.31812,0.31095,0.40734,0.25092,0.23725,0.071036,0.17976,0.12294,0.3269,0.30157,0.32488,0.22428,0.56098,0.26661,0.25288,0.40164,0.23237,0.29345,0.18734,0.20161,0.1199,0.25957,0.22249
0.34738,0.28793,0.27637,0.56652,0.10832,0.63108,0.43543,0.4335,0.288,1,0.25722,0.5881,0.16619,0.33333,0.21906,0.37562,0.31106,0.18585,0.29243,0.57507,0.437,0.36609,0.44453,0.41815,0.15828,0.37636,0.35516,0.60212,0.44633,0.41877,0.12379,0.088269,0.36213,0.38348,0.37379,0.29174,0.32614,0.58561,0.10209,0.5872,0.45508,0.45349,0.29292,0.90477,0.2702,0.58318,0.15949,0.35957,0.23346,0.38234,0.3333,0.2025,0.34041,0.58745,0.43737,0.34223,0.46581,0.44105,0.15854,0.38526,0.39729,0.61677,0.42202,0.45412,0.11351,0.084955,0.33401,0.39476
0.25888,0.24307,0.35646,0.22428,0.10746,0.2608,0.36226,0.33212,0.21822,0.25722,1,0.25512,0.22563,0.35037,0.15304,0.22938,0.3915,0.34761,0.40487,0.26763,0.2558,0.31628,0.30346,0.30349,0.20262,0.43891,0.41586,0.2803,0.30236,0.38204,0.13588,0.082522,0.25777,0.33154,0.24402,0.23659,0.26338,0.22517,0.076552,0.24246,0.28696,0.27525,0.18374,0.25658,0.31328,0.24977,0.13145,0.27408,0.133,0.22996,0.29142,0.24076,0.34717,0.26879,0.25079,0.25786,0.26552,0.26169,0.16455,0.30207,0.34341,0.25696,0.27131,0.30527,0.098455,0.057836,0.24516,0.29013
0.36525,0.33242,0.29381,0.79421,0.11079,0.60186,0.44731,0.37934,0.34983,0.5881,0.25512,1,0.17234,0.33968,0.31317,0.44082,0.33418,0.14382,0.28944,0.77997,0.52145,0.37945,0.50979,0.5381,0.15866,0.36966,0.40771,0.64512,0.49058,0.46173,0.12112,0.095009,0.41031,0.43958,0.40854,0.30933,0.32554,0.78718,0.11025,0.5816,0.45101,0.39078,0.34881,0.58964,0.25667,0.83083,0.16243,0.35612,0.3154,0.45333,0.3317,0.15684,0.31301,0.75222,0.52053,0.33858,0.51928,0.55493,0.1534,0.3489,0.42684,0.6378,0.46607,0.487,0.10177,0.098876,0.38594,0.44756
0.22485,0.056689,0.27657,0.13605,0.091537,0.21077,0.33776,0.18087,0.33711,0.16619,0.22563,0.17234,1,0.38114,0.20292,0.17869,0.10555,0.25055,0.16186,0.14331,0.22851,0.146,0.14206,0.35419,0.29468,0.091718,0.38516,0.082382,0.25418,0.047956,0.27255,0.13933,0.15375,0.10191,0.19464,0.045764,0.12458,0.13181,0.080304,0.20814,0.21132,0.14686,0.27837,0.17241,0.11685,0.16132,0.36957,0.30411,0.17842,0.15567,-0.058122,0.14047,0.033148,0.13928,0.23814,0.081739,0.14758,0.27808,0.20518,-0.0092052,0.25109,0.084176,0.23886,0.017096,0.21784,0.14578,0.14648,0.098451
0.58781,0.1569,0.64584,0.27286,0.15255,0.40942,0.74348,0.52549,0.42394,0.33333,0.35037,0.33968,0.38114,1,0.26392,0.30003,0.43975,0.53259,0.49616,0.2924,0.39727,0.34028,0.34728,0.54296,0.23718,0.41758,0.65413,0.30455,0.52406,0.44014,0.37025,0.22266,0.30552,0.2736,0.45638,0.13622,0.42168,0.27222,0.13243,0.38436,0.54285,0.43612,0.35124,0.33605,0.27067,0.32382,0.31402,0.68273,0.23249,0.28325,0.17781,0.43925,0.31631,0.28357,0.38574,0.25248,0.30838,0.4514,0.18382,0.26891,0.50987,0.28495,0.45281,0.29005,0.29732,0.21167,0.27417,0.25213
0.17901,0.13694,0.2468,0.24412,0.12762,0.3561,0.34506,0.24299,0.28821,0.21906,0.15304,0.31317,0.20292,0.26392,1,0.21621,0.1454,0.12189,0.13178,0.24936,0.24488,0.20318,0.21923,0.38798,0.15703,0.19478,0.27824,0.26073,0.26465,0.20709,0.10897,0.089331,0.20526,0.20338,0.20549,0.13044,0.23859,0.23921,0.083571,0.31072,0.32238,0.22879,0.27854,0.21504,0.14738,0.28673,0.2028,0.2721,0.29035,0.20879,0.11331,0.11334,0.13284,0.24406,0.24131,0.16794,0.21231,0.37454,0.13943,0.17081,0.26428,0.25094,0.25234,0.19089,0.11139,0.10166,0.18791,0.1922
0.34927,0.31328,0.2499,0.44267,0.097464,0.40315,0.33383,0.32947,0.25343,0.37562,0.22938,0.44082,0.17869,0.30003,0.21621,1,0.30578,0.14409,0.2568,0.37608,0.66193,0.37073,0.65218,0.41145,0.14211,0.30639,0.43911,0.51576,0.49775,0.47767,0.11372,0.088812,0.40386,0.46726,0.37841,0.2735,0.25605,0.43035,0.099338,0.40588,0.3238,0.33652,0.25686,0.37582,0.2085,0.44601,0.16175,0.30476,0.23097,0.66001,0.29316,0.12078,0.25438,0.36034,0.65207,0.30217,0.64369,0.4071,0.13405,0.2594,0.42442,0.51857,0.47912,0.50729,0.093843,0.10149,0.37749,0.47506
0.49783,0.32657,0.4687,0.30144,0.1006,0.33215,0.40774,0.40326,0.15594,0.31106,0.3915,0.33418,0.10555,0.43975,0.1454,0.30578,1,0.37436,0.66148,0.335,0.37146,0.33328,0.50532,0.28463,0.10458,0.53017,0.54684,0.37209,0.45878,0.57312,0.14932,0.095944,0.3276,0.44898,0.40718,0.28867,0.32557,0.29773,0.074701,0.31016,0.29549,0.33038,0.12404,0.31704,0.29744,0.33317,0.056354,0.31995,0.13143,0.32506,0.48292,0.26291,0.50527,0.32469,0.35804,0.2546,0.42496,0.23668,0.076702,0.32903,0.43407,0.34576,0.40396,0.44731,0.077635,0.065773,0.30583,0.3942
0.3229,0.058508,0.50566,0.091261,0.10551,0.21437,0.45692,0.36592,0.19604,0.18585,0.34761,0.14382,0.25055,0.53259,0.12189,0.14409,0.37436,1,0.47365,0.13671,0.18258,0.18801,0.18657,0.19354,0.11857,0.3453,0.44916,0.1211,0.24505,0.26965,0.22982,0.1316,0.15996,0.15093,0.22233,0.042456,0.24884,0.098655,0.082386,0.20268,0.2549,0.25351,0.12659,0.1955,0.22036,0.139,0.17317,0.34251,0.10028,0.13335,0.12719,0.43053,0.25359,0.1387,0.19104,0.10014,0.14999,0.10883,0.053116,0.12998,0.2592,0.099728,0.21627,0.12803,0.1724,0.1068,0.15002,0.11871
0.51528,0.24651,0.45624,0.25066,0.10376,0.31163,0.40126,0.38811,0.16246,0.29243,0.40487,0.28944,0.16186,0.49616,0.13178,0.2568,0.66148,0.47365,1,0.29374,0.31383,0.27518,0.39372,0.2452,0.10888,0.43788,0.53044,0.28451,0.4336,0.46008,0.20779,0.12474,0.28283,0.35468,0.39198,0.21191,0.25357,0.25026,0.075876,0.29446,0.24111,0.30427,0.11236,0.30548,0.28027,0.28853,0.094115,0.33812,0.1202,0.26687,0.3588,0.31623,0.48829,0.28521,0.31244,0.18584,0.33483,0.17773,0.068566,0.21423,0.36267,0.2669,0.37593,0.32603,0.11481,0.095996,0.26631,0.31096
0.29557,0.34736,0.28626,0.75826,0.09375,0.48498,0.40461,0.32259,0.3237,0.57507,0.26763,0.77997,0.14331,0.2924,0.24936,0.37608,0.335,0.13671,0.29374,1,0.4565,0.39749,0.46097,0.5098,0.17534,0.3887,0.39099,0.55921,0.41486,0.43752,0.11094,0.06842,0.42052,0.4263,0.33313,0.33485,0.31626,0.75495,0.089311,0.4665,0.4146,0.32645,0.33685,0.56809,0.26998,0.7613,0.13831,0.30436,0.25997,0.39088,0.33588,0.15565,0.32834,0.86343,0.45291,0.36295,0.46009,0.52406,0.17305,0.36899,0.42224,0.55335,0.38605,0.45447,0.08791,0.064258,0.40627,0.43573
0.45615,0.3381,0.32112,0.52081,0.12327,0.46434,0.40639,0.39514,0.30016,0.437,0.2558,0.52145,0.22851,0.39727,0.24488,0.66193,0.37146,0.18258,0.31383,0.4565,1,0.3733,0.82046,0.45152,0.15559,0.34658,0.52124,0.59829,0.62239,0.57734,0.15673,0.11593,0.49523,0.56153,0.46061,0.28872,0.29642,0.50448,0.11784,0.4606,0.36983,0.38767,0.29397,0.43011,0.22929,0.52466,0.20182,0.37589,0.25252,0.64423,0.3066,0.15707,0.27549,0.43306,0.86941,0.32078,0.77497,0.44642,0.14541,0.27771,0.49395,0.58474,0.58238,0.59246,0.13238,0.12437,0.44769,0.5509
0.23984,0.38711,0.33024,0.36138,0.10208,0.31821,0.43732,0.32914,0.37587,0.36609,0.31628,0.37945,0.146,0.34028,0.20318,0.37073,0.33328,0.18801,0.27518,0.39749,0.3733,1,0.39709,0.52435,0.25194,0.49749,0.44132,0.41802,0.35886,0.49597,0.109,0.055475,0.37353,0.42645,0.29185,0.36233,0.3233,0.36592,0.094764,0.30409,0.42499,0.32589,0.3568,0.36557,0.30006,0.37904,0.14056,0.3414,0.19285,0.36819,0.34365,0.17913,0.33535,0.40624,0.36854,0.51391,0.38616,0.50264,0.23735,0.44137,0.45725,0.41066,0.35276,0.473,0.088904,0.059018,0.3609,0.42868
0.43837,0.41265,0.34599,0.50861,0.1229,0.4866,0.38391,0.4707,0.21712,0.44453,0.30346,0.50979,0.14206,0.34728,0.21923,0.65218,0.50532,0.18657,0.39372,0.46097,0.82046,0.39709,1,0.38351,0.10399,0.45662,0.54003,0.6744,0.59842,0.70104,0.097328,0.087942,0.48303,0.61576,0.44502,0.35222,0.33068,0.49299,0.11284,0.47236,0.35001,0.43175,0.21755,0.43784,0.2615,0.51434,0.1148,0.30606,0.23369,0.65154,0.46868,0.13383,0.37391,0.44116,0.76436,0.33625,0.8316,0.38215,0.096599,0.34509,0.5072,0.64483,0.55572,0.6884,0.061835,0.086724,0.43745,0.59292
0.35615,0.30252,0.5145,0.49224,0.13059,0.45378,0.72811,0.36945,0.63415,0.41815,0.30349,0.5381,0.35419,0.54296,0.38798,0.41145,0.28463,0.19354,0.2452,0.5098,0.45152,0.52435,0.38351,1,0.34101,0.49508,0.58797,0.47673,0.46538,0.43271,0.26354,0.12325,0.40077,0.37246,0.39389,0.29404,0.47401,0.48526,0.12145,0.43471,0.67061,0.37481,0.58969,0.41719,0.28192,0.51678,0.34525,0.55381,0.36495,0.39882,0.21699,0.20301,0.24919,0.50711,0.45007,0.46554,0.38095,0.84151,0.31266,0.4407,0.57488,0.46655,0.44278,0.39381,0.24074,0.14303,0.37869,0.37697
0.10384,0.18604,0.18119,0.13434,0.060815,0.13168,0.23441,0.098626,0.29598,0.15828,0.20262,0.15866,0.29468,0.23718,0.15703,0.14211,0.10458,0.11857,0.10888,0.17534,0.15559,0.25194,0.10399,0.34101,1,0.20338,0.34883,0.07442,0.18829,0.097227,0.13707,0.069244,0.18884,0.16382,0.12882,0.18612,0.13663,0.13547,0.055522,0.12953,0.20476,0.10951,0.2701,0.15714,0.17931,0.14869,0.25257,0.22669,0.13465,0.12934,0.046187,0.088713,0.10056,0.17953,0.15278,0.22642,0.11023,0.30358,0.32824,0.16477,0.31172,0.079491,0.17827,0.087952,0.1202,0.082978,0.18114,0.15686
0.28458,0.37762,0.61695,0.33405,0.11251,0.34479,0.59888,0.48461,0.29799,0.37636,0.43891,0.36966,0.091718,0.41758,0.19478,0.30639,0.53017,0.3453,0.43788,0.3887,0.34658,0.49749,0.45662,0.49508,0.20338,1,0.56766,0.49326,0.35808,0.65108,0.11437,0.03874,0.35087,0.43719,0.28698,0.36029,0.51722,0.33875,0.087447,0.30837,0.53173,0.40461,0.27085,0.3656,0.34914,0.36283,0.069202,0.34925,0.17485,0.31308,0.46025,0.28924,0.4068,0.3972,0.32762,0.43956,0.37907,0.45353,0.16826,0.67138,0.51591,0.43804,0.32096,0.52431,0.070215,0.0146,0.32654,0.40411
0.48987,0.35645,0.64072,0.35106,0.14384,0.3977,0.63803,0.43778,0.44377,0.35516,0.41586,0.40771,0.38516,0.65413,0.27824,0.43911,0.54684,0.44916,0.53044,0.39099,0.52124,0.44132,0.54003,0.58797,0.34883,0.56766,1,0.39359,0.50825,0.51052,0.31981,0.16496,0.39258,0.40513,0.42591,0.29293,0.40768,0.34733,0.12102,0.39159,0.45355,0.38086,0.36932,0.36868,0.30037,0.39717,0.30245,0.51177,0.25305,0.42805,0.27934,0.30539,0.35411,0.38279,0.51318,0.32533,0.49529,0.48496,0.26692,0.33816,0.669,0.37488,0.47277,0.39466,0.2238,0.1626,0.37072,0.39319
0.33095,0.38257,0.31932,0.63891,0.1239,0.6327,0.50034,0.58491,0.23229,0.60212,0.2803,0.64512,0.082382,0.30455,0.26073,0.51576,0.37209,0.1211,0.28451,0.55921,0.59829,0.41802,0.6744,0.47673,0.07442,0.49326,0.39359,1,0.46965,0.70633,0.061231,0.061694,0.39116,0.50639,0.37758,0.34611,0.40257,0.63259,0.11383,0.6012,0.51387,0.56804,0.25923,0.59349,0.27411,0.64665,0.079678,0.31307,0.28592,0.52562,0.44796,0.11122,0.35029,0.55437,0.56079,0.37469,0.63895,0.50361,0.07964,0.44267,0.41266,0.90286,0.45265,0.70754,0.044256,0.068599,0.36113,0.507
0.64321,0.31084,0.3678,0.46975,0.1352,0.50353,0.46223,0.41953,0.30804,0.44633,0.30236,0.49058,0.25418,0.52406,0.26465,0.49775,0.45878,0.24505,0.4336,0.41486,0.62239,0.35886,0.59842,0.46538,0.18829,0.35808,0.50825,0.46965,1,0.52539,0.19498,0.17608,0.56598,0.51988,0.60206,0.2874,0.33417,0.45148,0.12521,0.48854,0.41597,0.40833,0.29772,0.43989,0.28082,0.48659,0.22457,0.48502,0.26748,0.49714,0.35173,0.22341,0.37295,0.39233,0.59786,0.31574,0.57372,0.45408,0.17635,0.30161,0.49023,0.46845,0.75262,0.49288,0.15445,0.16989,0.48737,0.49122
0.41584,0.43659,0.45075,0.42919,0.12494,0.4606,0.53366,0.58946,0.21082,0.41877,0.38204,0.46173,0.047956,0.44014,0.20709,0.47767,0.57312,0.26965,0.46008,0.43752,0.57734,0.49597,0.70104,0.43271,0.097227,0.65108,0.51052,0.70633,0.52539,1,0.077722,0.062683,0.45373,0.60728,0.41412,0.39387,0.44789,0.42534,0.11093,0.42558,0.4849,0.51869,0.21339,0.4029,0.34111,0.45809,0.036907,0.37723,0.20549,0.49998,0.58375,0.24141,0.50391,0.42851,0.5227,0.44154,0.61317,0.42285,0.092358,0.53395,0.51129,0.65044,0.47515,0.79386,0.051349,0.059617,0.40895,0.57619
0.22957,0.023987,0.25496,0.096141,0.055162,0.1513,0.2926,0.13618,0.22315,0.12379,0.13588,0.12112,0.27255,0.37025,0.10897,0.11372,0.14932,0.22982,0.20779,0.11094,0.15673,0.109,0.097328,0.26354,0.13707,0.11437,0.31981,0.061231,0.19498,0.077722,1,0.10651,0.10492,0.067932,0.17744,0.021224,0.11287,0.09298,0.052339,0.14808,0.17033,0.11411,0.17684,0.12998,0.081116,0.11805,0.20392,0.27448,0.097864,0.10314,-0.0074203,0.16763,0.084727,0.10664,0.15987,0.058834,0.098435,0.19492,0.099526,0.018024,0.21359,0.058892,0.17003,0.025726,0.25373,0.11047,0.10534,0.062465
0.16934,0.032601,0.12132,0.079519,0.082206,0.13409,0.15003,0.13511,0.1034,0.088269,0.082522,0.095009,0.13933,0.22266,0.089331,0.088812,0.095944,0.1316,0.12474,0.06842,0.11593,0.055475,0.087942,0.12325,0.069244,0.03874,0.16496,0.061694,0.17608,0.062683,0.10651,1,0.075339,0.078637,0.13382,0.023587,0.065436,0.07789,0.049008,0.12688,0.10277,0.11145,0.091896,0.090761,0.047552,0.090037,0.12046,0.18481,0.078748,0.077589,0.01181,0.092671,0.062228,0.063089,0.11234,0.031063,0.083503,0.10574,0.059434,0.0016613,0.12677,0.064584,0.1452,0.041432,0.090873,0.10346,0.066286,0.063454
0.32442,0.32018,0.27997,0.38626,0.095213,0.34155,0.34155,0.28777,0.27437,0.36213,0.25777,0.41031,0.15375,0.30552,0.20526,0.40386,0.3276,0.15996,0.28283,0.42052,0.49523,0.37353,0.48303,0.40077,0.18884,0.35087,0.39258,0.39116,0.56598,0.45373,0.10492,0.075339,1,0.48788,0.3498,0.30929,0.29551,0.37862,0.085504,0.3264,0.34486,0.28774,0.27259,0.35012,0.26154,0.40469,0.15321,0.31202,0.20107,0.40854,0.31948,0.17534,0.30851,0.4122,0.47719,0.34698,0.46602,0.40381,0.18793,0.32789,0.42152,0.38875,0.50531,0.44849,0.096044,0.073811,0.50957,0.45797
0.31796,0.43844,0.23353,0.4253,0.11235,0.3914,0.29987,0.35745,0.2179,0.38348,0.33154,0.43958,0.10191,0.2736,0.20338,0.46726,0.44898,0.15093,0.35468,0.4263,0.56153,0.42645,0.61576,0.37246,0.16382,0.43719,0.40513,0.50639,0.51988,0.60728,0.067932,0.078637,0.48788,1,0.35614,0.4037,0.26133,0.41815,0.10114,0.37391,0.30644,0.34481,0.22561,0.37802,0.29757,0.43926,0.090683,0.2641,0.20199,0.48574,0.45089,0.12278,0.39353,0.4167,0.52962,0.39167,0.57156,0.38001,0.16536,0.36566,0.43471,0.49381,0.46706,0.60416,0.045715,0.072513,0.42844,0.59264
0.59697,0.24402,0.31778,0.39109,0.10333,0.42642,0.40639,0.3493,0.24229,0.37379,0.24402,0.40854,0.19464,0.45638,0.20549,0.37841,0.40718,0.22233,0.39198,0.33313,0.46061,0.29185,0.44502,0.39389,0.12882,0.28698,0.42591,0.37758,0.60206,0.41412,0.17744,0.13382,0.3498,0.35614,1,0.2251,0.3325,0.39147,0.11019,0.45129,0.42849,0.41296,0.23927,0.39015,0.25176,0.4149,0.18094,0.54967,0.21468,0.38348,0.3678,0.25205,0.42829,0.32375,0.47498,0.25391,0.46606,0.39528,0.12543,0.27454,0.45377,0.39449,0.6563,0.43274,0.16707,0.15998,0.34688,0.38511
0.15647,0.39823,0.13055,0.30639,0.065675,0.24578,0.18624,0.20989,0.17612,0.29174,0.23659,0.30933,0.045764,0.13622,0.13044,0.2735,0.28867,0.042456,0.21191,0.33485,0.28872,0.36233,0.35222,0.29404,0.18612,0.36029,0.29293,0.34611,0.2874,0.39387,0.021224,0.023587,0.30929,0.4037,0.2251,1,0.20979,0.30813,0.06276,0.24337,0.24122,0.2416,0.1949,0.28931,0.24671,0.3127,0.053747,0.17617,0.1359,0.29932,0.36977,0.063673,0.31446,0.33526,0.27776,0.37574,0.3502,0.31151,0.21109,0.36535,0.38727,0.35075,0.27991,0.42688,0.010695,0.024668,0.29768,0.41116
0.27796,0.18394,0.58817,0.24593,0.10611,0.36182,0.61936,0.42566,0.30127,0.32614,0.26338,0.32554,0.12458,0.42168,0.23859,0.25605,0.32557,0.24884,0.25357,0.31626,0.29642,0.3233,0.33068,0.47401,0.13663,0.51722,0.40768,0.40257,0.33417,0.44789,0.11287,0.065436,0.29551,0.26133,0.3325,0.20979,1,0.26088,0.11406,0.35326,0.78396,0.47667,0.34613,0.3031,0.38521,0.31647,0.19813,0.58687,0.25164,0.24271,0.43813,0.49401,0.4209,0.32647,0.29964,0.35246,0.32668,0.54989,0.16717,0.68227,0.60688,0.40416,0.34827,0.45119,0.20293,0.094289,0.27662,0.29262
0.33327,0.3277,0.21928,0.86143,0.094776,0.52217,0.36899,0.3265,0.29345,0.58561,0.22517,0.78718,0.13181,0.27222,0.23921,0.43035,0.29773,0.098655,0.25026,0.75495,0.50448,0.36592,0.49299,0.48526,0.13547,0.33875,0.34733,0.63259,0.45148,0.42534,0.09298,0.07789,0.37862,0.41815,0.39147,0.30813,0.26088,1,0.09333,0.52499,0.39515,0.35556,0.31418,0.60508,0.22504,0.80603,0.12242,0.30233,0.26026,0.4507,0.31624,0.10524,0.28158,0.76457,0.51156,0.33855,0.51807,0.52202,0.13457,0.32986,0.3749,0.64631,0.44189,0.47377,0.07172,0.078315,0.36512,0.43559
0.10291,0.066014,0.10721,0.093151,0.055606,0.14294,0.1383,0.1355,0.094807,0.10209,0.076552,0.11025,0.080304,0.13243,0.083571,0.099338,0.074701,0.082386,0.075876,0.089311,0.11784,0.094764,0.11284,0.12145,0.055522,0.087447,0.12102,0.11383,0.12521,0.11093,0.052339,0.049008,0.085504,0.10114,0.11019,0.06276,0.11406,0.09333,1,0.17035,0.13819,0.14802,0.10076,0.10121,0.10166,0.1103,0.088243,0.14907,0.11866,0.097403,0.077327,0.095046,0.087174,0.089783,0.12057,0.08586,0.11337,0.12062,0.060693,0.09038,0.12946,0.11357,0.13466,0.1105,0.059004,0.12896,0.090177,0.11073
0.39506,0.25666,0.31293,0.51713,0.14536,0.72043,0.47449,0.48786,0.27119,0.5872,0.24246,0.5816,0.20814,0.38436,0.31072,0.40588,0.31016,0.20268,0.29446,0.4665,0.4606,0.30409,0.47236,0.43471,0.12953,0.30837,0.39159,0.6012,0.48854,0.42558,0.14808,0.12688,0.3264,0.37391,0.45129,0.24337,0.35326,0.52499,0.17035,1,0.49004,0.55314,0.28965,0.62661,0.25622,0.6027,0.20553,0.43041,0.38358,0.40797,0.31624,0.19593,0.31787,0.46715,0.47089,0.25904,0.49532,0.45847,0.12036,0.29063,0.39143,0.62431,0.50404,0.46264,0.13582,0.15887,0.31415,0.39415
0.34082,0.21863,0.58754,0.37329,0.13353,0.49168,0.78023,0.49493,0.44266,0.45508,0.28696,0.45101,0.21132,0.54285,0.32238,0.3238,0.29549,0.2549,0.24111,0.4146,0.36983,0.42499,0.35001,0.67061,0.20476,0.53173,0.45355,0.51387,0.41597,0.4849,0.17033,0.10277,0.34486,0.30644,0.42849,0.24122,0.78396,0.39515,0.13819,0.49004,1,0.57343,0.48935,0.44648,0.39648,0.4438,0.28798,0.73145,0.33772,0.30704,0.38882,0.48761,0.39269,0.42921,0.37654,0.44693,0.3531,0.75266,0.23826,0.68975,0.6402,0.53239,0.43433,0.50297,0.26392,0.13858,0.33158,0.34102
0.36307,0.24748,0.38886,0.34397,0.13972,0.51802,0.50467,0.57619,0.23596,0.45349,0.27525,0.39078,0.14686,0.43612,0.22879,0.33652,0.33038,0.25351,0.30427,0.32645,0.38767,0.32589,0.43175,0.37481,0.10951,0.40461,0.38086,0.56804,0.40833,0.51869,0.11411,0.11145,0.28774,0.34481,0.41296,0.2416,0.47667,0.35556,0.14802,0.55314,0.57343,1,0.25572,0.46354,0.32223,0.39547,0.16304,0.53227,0.25064,0.33867,0.39506,0.32077,0.39363,0.33379,0.39578,0.30818,0.43999,0.40563,0.11698,0.43762,0.43827,0.58646,0.44158,0.54663,0.13389,0.15438,0.28232,0.37428
0.20376,0.18607,0.31712,0.30574,0.095456,0.29303,0.46472,0.22353,0.48564,0.29292,0.18374,0.34881,0.27837,0.35124,0.27854,0.25686,0.12404,0.12659,0.11236,0.33685,0.29397,0.3568,0.21755,0.58969,0.2701,0.27085,0.36932,0.25923,0.29772,0.21339,0.17684,0.091896,0.27259,0.22561,0.23927,0.1949,0.34613,0.31418,0.10076,0.28965,0.48935,0.25572,1,0.28779,0.21549,0.35331,0.30312,0.41614,0.28507,0.24443,0.11179,0.18344,0.14551,0.34295,0.29154,0.36371,0.22688,0.61609,0.26656,0.31145,0.4199,0.27387,0.29148,0.22382,0.19411,0.11347,0.26103,0.23842
0.35425,0.29041,0.27447,0.57285,0.10789,0.62092,0.42719,0.41802,0.28929,0.90477,0.25658,0.58964,0.17241,0.33605,0.21504,0.37582,0.31704,0.1955,0.30548,0.56809,0.43011,0.36557,0.43784,0.41719,0.15714,0.3656,0.36868,0.59349,0.43989,0.4029,0.12998,0.090761,0.35012,0.37802,0.39015,0.28931,0.3031,0.60508,0.10121,0.62661,0.44648,0.46354,0.28779,1,0.25865,0.60798,0.15389,0.36158,0.23441,0.38704,0.32404,0.18702,0.33199,0.60017,0.44505,0.33553,0.47417,0.43306,0.15192,0.36267,0.38321,0.63394,0.43733,0.45476,0.11031,0.085208,0.33618,0.39904
0.20686,0.22541,0.27932,0.21522,0.086362,0.25875,0.31874,0.28007,0.19853,0.2702,0.31328,0.25667,0.11685,0.27067,0.14738,0.2085,0.29744,0.22036,0.28027,0.26998,0.22929,0.30006,0.2615,0.28192,0.17931,0.34914,0.30037,0.27411,0.28082,0.34111,0.081116,0.047552,0.26154,0.29757,0.25176,0.24671,0.38521,0.22504,0.10166,0.25622,0.39648,0.32223,0.21549,0.25865,1,0.25169,0.21551,0.35415,0.15149,0.21158,0.37123,0.37873,0.43009,0.27827,0.23484,0.31016,0.26243,0.31247,0.1963,0.44371,0.41698,0.27758,0.29474,0.35662,0.14043,0.08916,0.25707,0.32949
0.36408,0.33247,0.27881,0.79411,0.10833,0.58774,0.42742,0.37245,0.31812,0.58318,0.24977,0.83083,0.16132,0.32382,0.28673,0.44601,0.33317,0.139,0.28853,0.7613,0.52466,0.37904,0.51434,0.51678,0.14869,0.36283,0.39717,0.64665,0.48659,0.45809,0.11805,0.090037,0.40469,0.43926,0.4149,0.3127,0.31647,0.80603,0.1103,0.6027,0.4438,0.39547,0.35331,0.60798,0.25169,1,0.15052,0.34851,0.33028,0.46267,0.33786,0.15178,0.31109,0.77278,0.53026,0.33963,0.53217,0.55043,0.1433,0.34682,0.41817,0.66046,0.47393,0.49581,0.095977,0.097652,0.38936,0.45573
0.17285,0.052153,0.22671,0.11859,0.083112,0.20234,0.30876,0.15382,0.31095,0.15949,0.13145,0.16243,0.36957,0.31402,0.2028,0.16175,0.056354,0.17317,0.094115,0.13831,0.20182,0.14056,0.1148,0.34525,0.25257,0.069202,0.30245,0.079678,0.22457,0.036907,0.20392,0.12046,0.15321,0.090683,0.18094,0.053747,0.19813,0.12242,0.088243,0.20553,0.28798,0.16304,0.30312,0.15389,0.21551,0.15052,1,0.34792,0.19418,0.13799,-0.019596,0.18535,0.066207,0.13739,0.20672,0.12116,0.12858,0.33174,0.27203,0.084189,0.3038,0.087463,0.23014,0.039345,0.25057,0.15528,0.14731,0.096311
0.4843,0.16611,0.51721,0.28847,0.13637,0.41535,0.654,0.4251,0.40734,0.35957,0.27408,0.35612,0.30411,0.68273,0.2721,0.30476,0.31995,0.34251,0.33812,0.30436,0.37589,0.3414,0.30606,0.55381,0.22669,0.34925,0.51177,0.31307,0.48502,0.37723,0.27448,0.18481,0.31202,0.2641,0.54967,0.17617,0.58687,0.30233,0.14907,0.43041,0.73145,0.53227,0.41614,0.36158,0.35415,0.34851,0.34792,1,0.27383,0.28741,0.29223,0.5323,0.41674,0.30729,0.38968,0.33709,0.3261,0.57903,0.24502,0.45728,0.6318,0.33301,0.53574,0.37748,0.33445,0.23861,0.30737,0.30099
0.18217,0.13847,0.21916,0.26106,0.086999,0.3473,0.32234,0.23723,0.25092,0.23346,0.133,0.3154,0.17842,0.23249,0.29035,0.23097,0.13143,0.10028,0.1202,0.25997,0.25252,0.19285,0.23369,0.36495,0.13465,0.17485,0.25305,0.28592,0.26748,0.20549,0.097864,0.078748,0.20107,0.20199,0.21468,0.1359,0.25164,0.26026,0.11866,0.38358,0.33772,0.25064,0.28507,0.23441,0.15149,0.33028,0.19418,0.27383,1,0.22597,0.13081,0.11582,0.13848,0.25567,0.25528,0.16653,0.23787,0.38401,0.12771,0.17854,0.26346,0.29064,0.27535,0.21391,0.10387,0.10629,0.19242,0.20984
0.34904,0.33488,0.23086,0.45848,0.095914,0.40463,0.31353,0.32545,0.23725,0.38234,0.22996,0.45333,0.15567,0.28325,0.20879,0.66001,0.32506,0.13335,0.26687,0.39088,0.64423,0.36819,0.65154,0.39882,0.12934,0.31308,0.42805,0.52562,0.49714,0.49998,0.10314,0.077589,0.40854,0.48574,0.38348,0.29932,0.24271,0.4507,0.097403,0.40797,0.30704,0.33867,0.24443,0.38704,0.21158,0.46267,0.13799,0.28741,0.22597,1,0.32142,0.1058,0.27394,0.38053,0.66513,0.34368,0.67765,0.40836,0.12929,0.26774,0.43253,0.54758,0.48981,0.54422,0.079829,0.094977,0.38919,0.50407
0.25801,0.36696,0.23862,0.31133,0.069147,0.31668,0.25522,0.33877,0.071036,0.3333,0.29142,0.3317,-0.058122,0.17781,0.11331,0.29316,0.48292,0.12719,0.3588,0.33588,0.3066,0.34365,0.46868,0.21699,0.046187,0.46025,0.27934,0.44796,0.35173,0.58375,-0.0074203,0.01181,0.31948,0.45089,0.3678,0.36977,0.43813,0.31624,0.077327,0.31624,0.38882,0.39506,0.11179,0.32404,0.37123,0.33786,-0.019596,0.29223,0.13081,0.32142,1,0.26622,0.62097,0.33792,0.30799,0.36304,0.47336,0.27785,0.085253,0.55625,0.46179,0.45299,0.38032,0.64031,0.010863,0.020678,0.31617,0.49976
0.25971,0.039277,0.42931,0.090757,0.080624,0.19602,0.42523,0.28777,0.17976,0.2025,0.24076,0.15684,0.14047,0.43925,0.11334,0.12078,0.26291,0.43053,0.31623,0.15565,0.15707,0.17913,0.13383,0.20301,0.088713,0.28924,0.30539,0.11122,0.22341,0.24141,0.16763,0.092671,0.17534,0.12278,0.25205,0.063673,0.49401,0.10524,0.095046,0.19593,0.48761,0.32077,0.18344,0.18702,0.37873,0.15178,0.18535,0.5323,0.11582,0.1058,0.26622,1,0.41284,0.1644,0.16789,0.1884,0.13421,0.23647,0.10543,0.4231,0.43221,0.11585,0.2406,0.21442,0.25554,0.12513,0.17541,0.15187
0.3443,0.30704,0.28651,0.27248,0.084907,0.32061,0.30904,0.33782,0.12294,0.34041,0.34717,0.31301,0.033148,0.31631,0.13284,0.25438,0.50527,0.25359,0.48829,0.32834,0.27549,0.33535,0.37391,0.24919,0.10056,0.4068,0.35411,0.35029,0.37295,0.50391,0.084727,0.062228,0.30851,0.39353,0.42829,0.31446,0.4209,0.28158,0.087174,0.31787,0.39269,0.39363,0.14551,0.33199,0.43009,0.31109,0.066207,0.41674,0.13848,0.27394,0.62097,0.41284,1,0.33126,0.27821,0.33219,0.37335,0.28646,0.12339,0.48148,0.49763,0.35267,0.39948,0.51374,0.10777,0.076064,0.30505,0.42331
0.27347,0.34555,0.28583,0.72914,0.093709,0.47351,0.40469,0.3208,0.3269,0.58745,0.26879,0.75222,0.13928,0.28357,0.24406,0.36034,0.32469,0.1387,0.28521,0.86343,0.43306,0.40624,0.44116,0.50711,0.17953,0.3972,0.38279,0.55437,0.39233,0.42851,0.10664,0.063089,0.4122,0.4167,0.32375,0.33526,0.32647,0.76457,0.089783,0.46715,0.42921,0.33379,0.34295,0.60017,0.27827,0.77278,0.13739,0.30729,0.25567,0.38053,0.33792,0.1644,0.33126,1,0.43476,0.37682,0.44839,0.53138,0.17674,0.38659,0.42317,0.56032,0.37265,0.45497,0.090128,0.060696,0.40159,0.42832
0.44799,0.32131,0.32093,0.52355,0.11771,0.45972,0.40115,0.3779,0.30157,0.43737,0.25079,0.52053,0.23814,0.38574,0.24131,0.65207,0.35804,0.19104,0.31244,0.45291,0.86941,0.36854,0.76436,0.45007,0.15278,0.32762,0.51318,0.56079,0.59786,0.5227,0.15987,0.11234,0.47719,0.52962,0.47498,0.27776,0.29964,0.51156,0.12057,0.47089,0.37654,0.39578,0.29154,0.44505,0.23484,0.53026,0.20672,0.38968,0.25528,0.66513,0.30799,0.16789,0.27821,0.43476,1,0.31129,0.82825,0.44312,0.14217,0.27388,0.49364,0.59453,0.60753,0.60252,0.13912,0.13189,0.46372,0.56801
0.17367,0.35259,0.2421,0.32653,0.086246,0.26707,0.35685,0.26053,0.32488,0.34223,0.25786,0.33858,0.081739,0.25248,0.16794,0.30217,0.2546,0.10014,0.18584,0.36295,0.32078,0.51391,0.33625,0.46554,0.22642,0.43956,0.32533,0.37469,0.31574,0.44154,0.058834,0.031063,0.34698,0.39167,0.25391,0.37574,0.35246,0.33855,0.08586,0.25904,0.44693,0.30818,0.36371,0.33553,0.31016,0.33963,0.12116,0.33709,0.16653,0.34368,0.36304,0.1884,0.33219,0.37682,0.31129,1,0.34311,0.50651,0.25071,0.50494,0.47003,0.38752,0.31721,0.47499,0.083314,0.04586,0.33506,0.41073
0.40672,0.39367,0.27208,0.52734,0.11086,0.4845,0.34025,0.41191,0.22428,0.46581,0.26552,0.51928,0.14758,0.30838,0.21231,0.64369,0.42496,0.14999,0.33483,0.46009,0.77497,0.38616,0.8316,0.38095,0.11023,0.37907,0.49529,0.63895,0.57372,0.61317,0.098435,0.083503,0.46602,0.57156,0.46606,0.3502,0.32668,0.51807,0.11337,0.49532,0.3531,0.43999,0.22688,0.47417,0.26243,0.53217,0.12858,0.3261,0.23787,0.67765,0.47336,0.13421,0.37335,0.44839,0.82825,0.34311,1,0.39087,0.11152,0.34699,0.52097,0.67522,0.58799,0.70751,0.072451,0.10055,0.45057,0.61124
0.30667,0.30373,0.42881,0.51106,0.11995,0.46449,0.65923,0.34343,0.56098,0.44105,0.26169,0.55493,0.27808,0.4514,0.37454,0.4071,0.23668,0.10883,0.17773,0.52406,0.44642,0.50264,0.38215,0.84151,0.30358,0.45353,0.48496,0.50361,0.45408,0.42285,0.19492,0.10574,0.40381,0.38001,0.39528,0.31151,0.54989,0.52202,0.12062,0.45847,0.75266,0.40563,0.61609,0.43306,0.31247,0.55043,0.33174,0.57903,0.38401,0.40836,0.27785,0.23647,0.28646,0.53138,0.44312,0.50651,0.39087,1,0.31535,0.53409,0.61025,0.52073,0.44627,0.44379,0.23834,0.13837,0.38328,0.39548
0.08238,0.17886,0.12941,0.13145,0.053966,0.12191,0.19407,0.072102,0.26661,0.15854,0.16455,0.1534,0.20518,0.18382,0.13943,0.13405,0.076702,0.053116,0.068566,0.17305,0.14541,0.23735,0.096599,0.31266,0.32824,0.16826,0.26692,0.07964,0.17635,0.092358,0.099526,0.059434,0.18793,0.16536,0.12543,0.21109,0.16717,0.13457,0.060693,0.12036,0.23826,0.11698,0.26656,0.15192,0.1963,0.1433,0.27203,0.24502,0.12771,0.12929,0.085253,0.10543,0.12339,0.17674,0.14217,0.25071,0.11152,0.31535,1,0.21774,0.33688,0.089564,0.17475,0.11452,0.12518,0.07765,0.18064,0.16988
0.18052,0.32357,0.41809,0.3133,0.078147,0.30449,0.47839,0.35486,0.25288,0.38526,0.30207,0.3489,-0.0092052,0.26891,0.17081,0.2594,0.32903,0.12998,0.21423,0.36899,0.27771,0.44137,0.34509,0.4407,0.16477,0.67138,0.33816,0.44267,0.30161,0.53395,0.018024,0.0016613,0.32789,0.36566,0.27454,0.36535,0.68227,0.32986,0.09038,0.29063,0.68975,0.43762,0.31145,0.36267,0.44371,0.34682,0.084189,0.45728,0.17854,0.26774,0.55625,0.4231,0.48148,0.38659,0.27388,0.50494,0.34699,0.53409,0.21774,1,0.61305,0.45081,0.31924,0.57805,0.12482,0.022009,0.31831,0.40908
0.38082,0.36212,0.48477,0.37103,0.12269,0.39272,0.54793,0.36513,0.40164,0.39729,0.34341,0.42684,0.25109,0.50987,0.26428,0.42442,0.43407,0.2592,0.36267,0.42224,0.49395,0.45725,0.5072,0.57488,0.31172,0.51591,0.669,0.41266,0.49023,0.51129,0.21359,0.12677,0.42152,0.43471,0.45377,0.38727,0.60688,0.3749,0.12946,0.39143,0.6402,0.43827,0.4199,0.38321,0.41698,0.41817,0.3038,0.6318,0.26346,0.43253,0.46179,0.43221,0.49763,0.42317,0.49364,0.47003,0.52097,0.61025,0.33688,0.61305,1,0.42949,0.49032,0.53229,0.26657,0.15902,0.40005,0.46498
0.32492,0.37419,0.27346,0.6349,0.11692,0.62213,0.4545,0.53575,0.23237,0.61677,0.25696,0.6378,0.084176,0.28495,0.25094,0.51857,0.34576,0.099728,0.2669,0.55335,0.58474,0.41066,0.64483,0.46655,0.079491,0.43804,0.37488,0.90286,0.46845,0.65044,0.058892,0.064584,0.38875,0.49381,0.39449,0.35075,0.40416,0.64631,0.11357,0.62431,0.53239,0.58646,0.27387,0.63394,0.27758,0.66046,0.087463,0.33301,0.29064,0.54758,0.45299,0.11585,0.35267,0.56032,0.59453,0.38752,0.67522,0.52073,0.089564,0.45081,0.42949,1,0.4747,0.7388,0.049189,0.073192,0.3736,0.52301
0.57358,0.29932,0.33017,0.44876,0.12199,0.47831,0.42267,0.38383,0.29345,0.42202,0.27131,0.46607,0.23886,0.45281,0.25234,0.47912,0.40396,0.21627,0.37593,0.38605,0.58238,0.35276,0.55572,0.44278,0.17827,0.32096,0.47277,0.45265,0.75262,0.47515,0.17003,0.1452,0.50531,0.46706,0.6563,0.27991,0.34827,0.44189,0.13466,0.50404,0.43433,0.44158,0.29148,0.43733,0.29474,0.47393,0.23014,0.53574,0.27535,0.48981,0.38032,0.2406,0.39948,0.37265,0.60753,0.31721,0.58799,0.44627,0.17475,0.31924,0.49032,0.4747,1,0.51726,0.15845,0.18462,0.52329,0.51611
0.32348,0.4489,0.27607,0.46974,0.10578,0.45925,0.38312,0.48038,0.18734,0.45412,0.30527,0.487,0.017096,0.29005,0.19089,0.50729,0.44731,0.12803,0.32603,0.45447,0.59246,0.473,0.6884,0.39381,0.087952,0.52431,0.39466,0.70754,0.49288,0.79386,0.025726,0.041432,0.44849,0.60416,0.43274,0.42688,0.45119,0.47377,0.1105,0.46264,0.50297,0.54663,0.22382,0.45476,0.35662,0.49581,0.039345,0.37748,0.21391,0.54422,0.64031,0.21442,0.51374,0.45497,0.60252,0.47499,0.70751,0.44379,0.11452,0.57805,0.53229,0.7388,0.51726,1,0.03,0.054003,0.44215,0.65083
0.16491,0.0035773,0.21375,0.069475,0.054626,0.13265,0.27213,0.11372,0.20161,0.11351,0.098455,0.10177,0.21784,0.29732,0.11139,0.093843,0.077635,0.1724,0.11481,0.08791,0.13238,0.088904,0.061835,0.24074,0.1202,0.070215,0.2238,0.044256,0.15445,0.051349,0.25373,0.090873,0.096044,0.045715,0.16707,0.010695,0.20293,0.07172,0.059004,0.13582,0.26392,0.13389,0.19411,0.11031,0.14043,0.095977,0.25057,0.33445,0.10387,0.079829,0.010863,0.25554,0.10777,0.090128,0.13912,0.083314,0.072451,0.23834,0.12518,0.12482,0.26657,0.049189,0.15845,0.03,1,0.11936,0.096468,0.056245
0.15987,0.029192,0.11191,0.079874,0.054924,0.14207,0.15766,0.11579,0.1199,0.084955,0.057836,0.098876,0.14578,0.21167,0.10166,0.10149,0.065773,0.1068,0.095996,0.064258,0.12437,0.059018,0.086724,0.14303,0.082978,0.0146,0.1626,0.068599,0.16989,0.059617,0.11047,0.10346,0.073811,0.072513,0.15998,0.024668,0.094289,0.078315,0.12896,0.15887,0.13858,0.15438,0.11347,0.085208,0.08916,0.097652,0.15528,0.23861,0.10629,0.094977,0.020678,0.12513,0.076064,0.060696,0.13189,0.04586,0.10055,0.13837,0.07765,0.022009,0.15902,0.073192,0.18462,0.054003,0.11936,1,0.077624,0.078703
0.29148,0.30903,0.25713,0.36361,0.087766,0.3116,0.31458,0.26006,0.25957,0.33401,0.24516,0.38594,0.14648,0.27417,0.18791,0.37749,0.30583,0.15002,0.26631,0.40627,0.44769,0.3609,0.43745,0.37869,0.18114,0.32654,0.37072,0.36113,0.48737,0.40895,0.10534,0.066286,0.50957,0.42844,0.34688,0.29768,0.27662,0.36512,0.090177,0.31415,0.33158,0.28232,0.26103,0.33618,0.25707,0.38936,0.14731,0.30737,0.19242,0.38919,0.31617,0.17541,0.30505,0.40159,0.46372,0.33506,0.45057,0.38328,0.18064,0.31831,0.40005,0.3736,0.52329,0.44215,0.096468,0.077624,1,0.47369
0.30601,0.43358,0.21639,0.43789,0.10322,0.38693,0.29462,0.33568,0.22249,0.39476,0.29013,0.44756,0.098451,0.25213,0.1922,0.47506,0.3942,0.11871,0.31096,0.43573,0.5509,0.42868,0.59292,0.37697,0.15686,0.40411,0.39319,0.507,0.49122,0.57619,0.062465,0.063454,0.45797,0.59264,0.38511,0.41116,0.29262,0.43559,0.11073,0.39415,0.34102,0.37428,0.23842,0.39904,0.32949,0.45573,0.096311,0.30099,0.20984,0.50407,0.49976,0.15187,0.42331,0.42832,0.56801,0.41073,0.61124,0.39548,0.16988,0.40908,0.46498,0.52301,0.51611,0.65083,0.056245,0.078703,0.47369,1
