1,0.19737,0.39909,0.32793,0.082786,0.38282,0.44093,0.37642,0.21374,0.31714,0.24103,0.34638,0.1635,0.53455,0.16227,0.33142,0.48063,0.29614,0.49694,0.27428,0.42872,0.24188,0.42526,0.31388,0.087562,0.30007,0.45781,0.32626,0.59889,0.41898,0.182,0.14688,0.29485,0.30126,0.52907,0.1694,0.25722,0.31412,0.095917,0.36255,0.32364,0.33075,0.17178,0.32772,0.19366,0.34192,0.13033,0.43223,0.16522,0.32743,0.24467,0.2202,0.31374,0.25346,0.41402,0.18288,0.39042,0.27815,0.070647,0.1855,0.33561,0.31149,0.52285,0.31501,0.14231,0.12173,0.27089,0.29434
0.19737,1,0.12321,0.3317,0.067501,0.26214,0.1592,0.21552,0.14698,0.26631,0.21873,0.33034,0.04255,0.11206,0.12137,0.29352,0.30111,0.037636,0.21148,0.3508,0.32243,0.35106,0.39933,0.26787,0.17725,0.33499,0.33465,0.37403,0.28756,0.41162,0.007527,0.02568,0.28796,0.41337,0.25567,0.39029,0.17494,0.32491,0.072163,0.24949,0.19535,0.23365,0.15408,0.26293,0.17827,0.33553,0.041243,0.14004,0.13283,0.31667,0.34013,0.010164,0.29613,0.33964,0.30482,0.3212,0.38694,0.2767,0.16717,0.29709,0.35843,0.36393,0.28993,0.43285,0.0058219,0.018618,0.27682,0.414
0.39909,0.12321,1,0.1629,0.11044,0.31564,0.78344,0.47199,0.39558,0.24934,0.33607,0.2552,0.2565,0.64456,0.25617,0.20822,0.45625,0.50234,0.46,0.26104,0.27914,0.32582,0.29986,0.52591,0.18147,0.6261,0.66107,0.28686,0.33507,0.41947,0.26406,0.11799,0.24346,0.19021,0.25518,0.10764,0.56882,0.15835,0.10751,0.28026,0.57591,0.35229,0.31816,0.25225,0.27306,0.23753,0.21476,0.48357,0.22254,0.1865,0.18031,0.40326,0.23511,0.25727,0.27631,0.22481,0.22017,0.42312,0.11741,0.3998,0.44127,0.23652,0.28803,0.22678,0.20365,0.096663,0.24843,0.1685
0.32793,0.3317,0.1629,1,0.077416,0.5262,0.28312,0.29201,0.2287,0.53277,0.17978,0.7882,0.079677,0.17865,0.21113,0.4277,0.27474,0.056852,0.20233,0.74301,0.49782,0.3231,0.50393,0.40937,0.11247,0.29988,0.29389,0.64011,0.42819,0.4056,0.043281,0.056134,0.33992,0.40031,0.37954,0.31393,0.21364,0.85848,0.091527,0.51958,0.32239,0.32675,0.2507,0.53721,0.17112,0.79346,0.081836,0.21626,0.2426,0.45118,0.29522,0.041537,0.25356,0.7087,0.50163,0.30119,0.53055,0.44325,0.11171,0.27818,0.32752,0.63603,0.42473,0.4599,0.046696,0.052708,0.32842,0.42481
0.082786,0.067501,0.11044,0.077416,1,0.15243,0.13316,0.14263,0.085494,0.089811,0.092105,0.095024,0.07529,0.11993,0.11871,0.082896,0.084455,0.08836,0.08503,0.082072,0.1031,0.086672,0.10704,0.11097,0.054806,0.10673,0.1216,0.11368,0.10824,0.11125,0.043995,0.079326,0.079478,0.09963,0.070754,0.06489,0.09148,0.077582,0.058681,0.12285,0.11323,0.12145,0.08143,0.089772,0.0711,0.089648,0.060477,0.10325,0.083896,0.083958,0.058362,0.063117,0.065103,0.079789,0.10201,0.075927,0.094807,0.1033,0.040869,0.071147,0.09787,0.10522,0.095048,0.095169,0.035363,0.037149,0.077971,0.087003
0.38282,0.26214,0.31564,0.5262,0.15243,1,0.46524,0.53,0.26007,0.57582,0.22839,0.60539,0.17335,0.34326,0.3484,0.38726,0.30021,0.1897,0.26773,0.48072,0.44152,0.2973,0.4847,0.41596,0.1261,0.33016,0.3659,0.63633,0.46796,0.44113,0.10619,0.1174,0.31313,0.36231,0.38036,0.24896,0.33663,0.51656,0.14595,0.70276,0.45587,0.49814,0.26905,0.56593,0.23091,0.59257,0.16622,0.34762,0.34719,0.39256,0.29047,0.15307,0.2886,0.46846,0.43968,0.25488,0.48296,0.43417,0.11361,0.27948,0.35796,0.6209,0.43853,0.44203,0.10895,0.1112,0.29417,0.37042
0.44093,0.1592,0.78344,0.28312,0.13316,0.46524,1,0.54996,0.51828,0.36909,0.33252,0.38253,0.30872,0.73763,0.35125,0.27578,0.38328,0.45694,0.39269,0.3502,0.33771,0.42019,0.31827,0.72077,0.24083,0.59295,0.6512,0.43548,0.40192,0.48735,0.29752,0.1493,0.28743,0.23293,0.33475,0.15437,0.6098,0.28109,0.14377,0.42916,0.76501,0.46549,0.45132,0.3711,0.29904,0.36744,0.28714,0.62327,0.32178,0.25194,0.19597,0.41602,0.26529,0.34526,0.33145,0.33306,0.26874,0.63843,0.18389,0.45436,0.51401,0.38585,0.36196,0.31516,0.24947,0.14535,0.28943,0.22615
0.37642,0.21552,0.47199,0.29201,0.14263,0.53,0.54996,1,0.21539,0.3822,0.2929,0.34753,0.15105,0.47736,0.23128,0.29136,0.37506,0.35122,0.36568,0.30066,0.35614,0.30588,0.43995,0.33085,0.083506,0.47213,0.41873,0.55382,0.37764,0.55905,0.12229,0.11803,0.25421,0.31752,0.30283,0.18912,0.39027,0.28273,0.1404,0.45883,0.44814,0.55173,0.1956,0.37485,0.25492,0.34233,0.12487,0.35624,0.2285,0.28571,0.29686,0.25116,0.30102,0.29154,0.34031,0.23066,0.37612,0.29922,0.055419,0.32453,0.31766,0.50129,0.33567,0.44492,0.099343,0.087944,0.23651,0.29376
0.21374,0.14698,0.39558,0.2287,0.085494,0.26007,0.51828,0.21539,1,0.25377,0.19048,0.30377,0.31472,0.40984,0.30044,0.21051,0.12266,0.18719,0.13499,0.28769,0.25721,0.3518,0.16797,0.63247,0.30022,0.27771,0.43667,0.19527,0.27873,0.17044,0.22836,0.107,0.23572,0.16823,0.19699,0.15328,0.32143,0.23118,0.1003,0.24727,0.46626,0.22078,0.47604,0.26482,0.18612,0.27389,0.31562,0.41158,0.25728,0.19312,0.031943,0.18049,0.10427,0.28853,0.25454,0.31121,0.16806,0.56247,0.2542,0.25119,0.3961,0.19395,0.26511,0.13923,0.20388,0.12129,0.23977,0.16757
0.31714,0.26631,0.24934,0.53277,0.089811,0.57582,0.36909,0.3822,0.25377,1,0.21706,0.53984,0.12587,0.26802,0.18838,0.34175,0.26677,0.16424,0.24473,0.55334,0.38914,0.32487,0.40289,0.36177,0.15026,0.34016,0.31521,0.55587,0.38507,0.35899,0.098731,0.068133,0.31704,0.3322,0.33312,0.27349,0.29356,0.54006,0.10444,0.53551,0.39671,0.41004,0.26071,0.89093,0.22797,0.53636,0.12951,0.29777,0.20517,0.33538,0.28766,0.16564,0.30181,0.55513,0.39006,0.30621,0.4215,0.38363,0.15289,0.3446,0.35426,0.56683,0.36623,0.39688,0.1104,0.068251,0.30296,0.35194
0.24103,0.21873,0.33607,0.17978,0.092105,0.22839,0.33252,0.2929,0.19048,0.21706,1,0.21573,0.19742,0.30875,0.13912,0.16997,0.36956,0.32448,0.38839,0.24022,0.19757,0.27585,0.24949,0.25955,0.18096,0.41085,0.39088,0.2331,0.25837,0.34572,0.12187,0.080493,0.21702,0.29384,0.21995,0.21215,0.253,0.17499,0.083267,0.20372,0.26266,0.23993,0.15731,0.21207,0.27577,0.20893,0.11187,0.24412,0.12372,0.17376,0.27664,0.22564,0.3296,0.23452,0.18951,0.22391,0.20971,0.22302,0.14244,0.27988,0.30991,0.20936,0.23162,0.26508,0.089859,0.035192,0.21626,0.24931
0.34638,0.33034,0.2552,0.7882,0.095024,0.60539,0.38253,0.34753,0.30377,0.53984,0.21573,1,0.11925,0.24895,0.29599,0.41989,0.30681,0.1096,0.23947,0.76888,0.48997,0.34249,0.50537,0.47189,0.14318,0.33691,0.35836,0.6491,0.44882,0.43864,0.069216,0.07215,0.36617,0.4114,0.38595,0.31794,0.30366,0.77847,0.10912,0.58906,0.41304,0.37521,0.30512,0.53694,0.21721,0.83278,0.12721,0.28159,0.31517,0.44101,0.31125,0.10571,0.28532,0.7413,0.48904,0.31476,0.51622,0.50377,0.1387,0.31484,0.38412,0.63605,0.43833,0.47142,0.076621,0.070218,0.35547,0.42995
0.1635,0.04255,0.2565,0.079677,0.07529,0.17335,0.30872,0.15105,0.31472,0.12587,0.19742,0.11925,1,0.34799,0.20503,0.13776,0.062803,0.21182,0.12148,0.097405,0.18407,0.13447,0.094418,0.33297,0.28617,0.069788,0.33705,0.042763,0.21643,0.022675,0.26194,0.13219,0.13164,0.073228,0.11878,0.028618,0.112,0.078014,0.077298,0.17172,0.20156,0.12103,0.26133,0.14116,0.11259,0.11092,0.34517,0.28657,0.18127,0.11766,-0.082377,0.12824,0.010445,0.096438,0.18872,0.080117,0.092802,0.26848,0.18759,-0.016102,0.21108,0.04432,0.19561,-0.013965,0.19614,0.12949,0.1262,0.065717
0.53455,0.11206,0.64456,0.17865,0.11993,0.34326,0.73763,0.47736,0.40984,0.26802,0.30875,0.24895,0.34799,1,0.25495,0.23373,0.39715,0.52282,0.47446,0.21081,0.3204,0.31871,0.2648,0.50876,0.22515,0.40118,0.63673,0.21909,0.46204,0.38493,0.35411,0.22121,0.25202,0.20511,0.3666,0.090111,0.39294,0.17122,0.127,0.32107,0.52843,0.38154,0.33042,0.27976,0.24058,0.23714,0.28568,0.6584,0.22428,0.21411,0.11379,0.42733,0.25882,0.20308,0.30402,0.22899,0.21996,0.41684,0.16021,0.23248,0.45434,0.19604,0.37696,0.21327,0.27904,0.19252,0.23724,0.17761
0.16227,0.12137,0.25617,0.21113,0.11871,0.3484,0.35125,0.23128,0.30044,0.18838,0.13912,0.29599,0.20503,0.25495,1,0.19911,0.11256,0.12631,0.11133,0.22433,0.22948,0.18975,0.20308,0.39641,0.17207,0.18114,0.27967,0.25077,0.24396,0.17671,0.11579,0.089584,0.18466,0.17115,0.17159,0.11832,0.25318,0.20986,0.095518,0.30866,0.3342,0.22826,0.28321,0.19296,0.14533,0.26812,0.20832,0.26136,0.30581,0.18943,0.070784,0.11352,0.10797,0.22184,0.22735,0.16046,0.19429,0.38346,0.13887,0.15687,0.26145,0.23404,0.23129,0.16327,0.10839,0.097041,0.17437,0.16519
0.33142,0.29352,0.20822,0.4277,0.082896,0.38726,0.27578,0.29136,0.21051,0.34175,0.16997,0.41989,0.13776,0.23373,0.19911,1,0.25697,0.11615,0.1978,0.34347,0.63737,0.33031,0.62211,0.35177,0.12234,0.26891,0.38378,0.49359,0.45349,0.43464,0.081659,0.077325,0.34316,0.41205,0.35163,0.25437,0.22506,0.41513,0.097806,0.38706,0.29097,0.32411,0.21742,0.34397,0.17099,0.42828,0.13157,0.25746,0.22347,0.63174,0.24739,0.088004,0.21203,0.32469,0.62855,0.27401,0.6235,0.35541,0.10874,0.22799,0.37113,0.49513,0.45002,0.47114,0.078026,0.073183,0.33208,0.43169
0.48063,0.30111,0.45625,0.27474,0.084455,0.30021,0.38328,0.37506,0.12266,0.26677,0.36956,0.30681,0.062803,0.39715,0.11256,0.25697,1,0.36529,0.6544,0.31805,0.31172,0.29301,0.46003,0.22372,0.070908,0.52477,0.51655,0.34426,0.40612,0.55125,0.11146,0.07669,0.27911,0.40974,0.37438,0.26598,0.30538,0.26239,0.076394,0.27006,0.26799,0.2908,0.089406,0.27155,0.26678,0.30043,0.018197,0.26762,0.11393,0.27615,0.45327,0.22911,0.47662,0.30014,0.29787,0.22033,0.37968,0.18138,0.049962,0.31238,0.37025,0.31387,0.35165,0.41808,0.059037,0.036771,0.26999,0.3578
0.29614,0.037636,0.50234,0.056852,0.08836,0.1897,0.45694,0.35122,0.18719,0.16424,0.32448,0.1096,0.21182,0.52282,0.12631,0.11615,0.36529,1,0.48362,0.11099,0.14993,0.18684,0.15623,0.17708,0.09201,0.3497,0.43566,0.096135,0.22697,0.26208,0.21229,0.12402,0.14642,0.12698,0.17448,0.020906,0.22913,0.055141,0.081879,0.17105,0.24601,0.23128,0.11852,0.17788,0.21344,0.1052,0.14062,0.3254,0.095209,0.10428,0.11255,0.41689,0.23835,0.11233,0.1582,0.086496,0.11279,0.091622,0.024435,0.12048,0.21415,0.069797,0.18421,0.10322,0.13331,0.080968,0.14332,0.092653
0.49694,0.21148,0.46,0.20233,0.08503,0.26773,0.39269,0.36568,0.13499,0.24473,0.38839,0.23947,0.12148,0.47446,0.11133,0.1978,0.6544,0.48362,1,0.24981,0.24977,0.24347,0.33567,0.18741,0.07268,0.42582,0.49409,0.2449,0.37895,0.43909,0.17045,0.11081,0.23419,0.31265,0.35017,0.17838,0.23137,0.19534,0.079126,0.24078,0.21787,0.2655,0.079442,0.25703,0.26506,0.23584,0.059252,0.30624,0.10174,0.20804,0.33137,0.30121,0.46942,0.23869,0.24689,0.14735,0.27395,0.12208,0.030522,0.18457,0.29044,0.21882,0.31946,0.2885,0.10091,0.065735,0.22698,0.26741
0.27428,0.3508,0.26104,0.74301,0.082072,0.48072,0.3502,0.30066,0.28769,0.55334,0.24022,0.76888,0.097405,0.21081,0.22433,0.34347,0.31805,0.11099,0.24981,1,0.41137,0.36417,0.44661,0.45207,0.16715,0.36488,0.35808,0.55914,0.35973,0.41351,0.055587,0.04908,0.36958,0.39851,0.31312,0.34201,0.31092,0.73417,0.094035,0.45371,0.37983,0.31105,0.30216,0.53326,0.23451,0.75447,0.11013,0.23915,0.24479,0.36241,0.324,0.11149,0.31005,0.85984,0.40334,0.34185,0.44147,0.47435,0.16518,0.35171,0.39286,0.54519,0.34969,0.43209,0.067085,0.049464,0.3682,0.41158
0.42872,0.32243,0.27914,0.49782,0.1031,0.44152,0.33771,0.35614,0.25721,0.38914,0.19757,0.48997,0.18407,0.3204,0.22948,0.63737,0.31172,0.14993,0.24977,0.41137,1,0.33456,0.7936,0.38768,0.13796,0.3019,0.46118,0.56704,0.58362,0.52864,0.11521,0.10905,0.44209,0.51604,0.40878,0.27419,0.26206,0.47732,0.11385,0.43991,0.33111,0.36696,0.26031,0.38186,0.1902,0.49709,0.17222,0.32166,0.24944,0.6173,0.24815,0.11574,0.21862,0.38554,0.85355,0.2906,0.75531,0.39651,0.12091,0.2399,0.42757,0.5456,0.55269,0.55102,0.10657,0.10146,0.41248,0.51219
0.24188,0.35106,0.32582,0.3231,0.086672,0.2973,0.42019,0.30588,0.3518,0.32487,0.27585,0.34249,0.13447,0.31871,0.18975,0.33031,0.29301,0.18684,0.24347,0.36417,0.33456,1,0.35515,0.48549,0.2379,0.45493,0.4388,0.37554,0.32424,0.45117,0.10446,0.057467,0.31548,0.37383,0.28644,0.32968,0.32222,0.32273,0.10442,0.27715,0.41135,0.31267,0.32423,0.32584,0.24655,0.34597,0.14321,0.32919,0.18708,0.3228,0.30229,0.1575,0.30848,0.36069,0.32164,0.47321,0.3402,0.46462,0.22235,0.41325,0.45008,0.36501,0.32772,0.42492,0.092971,0.052418,0.318,0.37597
0.42526,0.39933,0.29986,0.50393,0.10704,0.4847,0.31827,0.43995,0.16797,0.40289,0.24949,0.50537,0.094418,0.2648,0.20308,0.62211,0.46003,0.15623,0.33567,0.44661,0.7936,0.35515,1,0.31949,0.078322,0.41981,0.48014,0.66861,0.54967,0.67241,0.051033,0.074577,0.4212,0.57539,0.41233,0.34274,0.30001,0.47945,0.11163,0.46565,0.30966,0.42023,0.17835,0.39168,0.21698,0.50926,0.078266,0.2376,0.22987,0.6232,0.42209,0.089517,0.33075,0.41833,0.73422,0.30615,0.81814,0.33335,0.070971,0.3112,0.44247,0.63136,0.51878,0.66317,0.040621,0.06022,0.38979,0.56272
0.31388,0.26787,0.52591,0.40937,0.11097,0.41596,0.72077,0.33085,0.63247,0.36177,0.25955,0.47189,0.33297,0.50876,0.39641,0.35177,0.22372,0.17708,0.18741,0.45207,0.38768,0.48549,0.31949,1,0.35368,0.46225,0.58168,0.4275,0.4036,0.36394,0.26409,0.11981,0.33822,0.29666,0.32529,0.26689,0.48313,0.40336,0.12852,0.39746,0.67622,0.35435,0.58164,0.37209,0.24887,0.45669,0.3408,0.53329,0.3727,0.33539,0.14637,0.18108,0.20024,0.44388,0.37904,0.44033,0.31058,0.83699,0.31046,0.42486,0.56305,0.41526,0.39452,0.32117,0.23759,0.13727,0.33835,0.30352
0.087562,0.17725,0.18147,0.11247,0.054806,0.1261,0.24083,0.083506,0.30022,0.15026,0.18096,0.14318,0.28617,0.22515,0.17207,0.12234,0.070908,0.09201,0.07268,0.16715,0.13796,0.2379,0.078322,0.35368,1,0.17727,0.34242,0.063844,0.17553,0.07427,0.1327,0.079446,0.16853,0.14089,0.10601,0.18052,0.15664,0.11537,0.068681,0.12305,0.23068,0.10266,0.27169,0.15319,0.15152,0.13807,0.24816,0.24376,0.149,0.11217,0.03217,0.081849,0.084624,0.1674,0.13267,0.22588,0.082215,0.32111,0.32916,0.16754,0.32232,0.066378,0.16535,0.069652,0.12143,0.082047,0.16519,0.13417
0.30007,0.33499,0.6261,0.29988,0.10673,0.33016,0.59295,0.47213,0.27771,0.34016,0.41085,0.33691,0.069788,0.40118,0.18114,0.26891,0.52477,0.3497,0.42582,0.36488,0.3019,0.45493,0.41981,0.46225,0.17727,1,0.58321,0.46826,0.32286,0.62279,0.11248,0.034004,0.29998,0.38546,0.27574,0.31866,0.51398,0.29256,0.10027,0.28375,0.5084,0.38126,0.23964,0.33063,0.30121,0.33073,0.055617,0.3088,0.16338,0.2772,0.41161,0.25865,0.3745,0.35556,0.28525,0.3915,0.33952,0.40591,0.14288,0.65432,0.48574,0.40502,0.28831,0.48265,0.074142,0.0014105,0.29438,0.34807
0.45781,0.33465,0.66107,0.29389,0.1216,0.3659,0.6512,0.41873,0.43667,0.31521,0.39088,0.35836,0.33705,0.63673,0.27967,0.38378,0.51655,0.43566,0.49409,0.35808,0.46118,0.4388,0.48014,0.58168,0.34242,0.58321,1,0.35903,0.45947,0.48602,0.29805,0.16167,0.347,0.35383,0.36475,0.27871,0.42991,0.2829,0.12881,0.35045,0.47674,0.36594,0.35932,0.33258,0.28044,0.35021,0.27436,0.50413,0.25628,0.36703,0.23332,0.29736,0.31416,0.34655,0.44802,0.33225,0.42523,0.48189,0.25031,0.35813,0.6415,0.33147,0.41906,0.35373,0.2105,0.13824,0.34027,0.33882
0.32626,0.37403,0.28686,0.64011,0.11368,0.63633,0.43548,0.55382,0.19527,0.55587,0.2331,0.6491,0.042763,0.21909,0.25077,0.49359,0.34426,0.096135,0.2449,0.55914,0.56704,0.37554,0.66861,0.4275,0.063844,0.46826,0.35903,1,0.42096,0.67252,0.02313,0.045062,0.34275,0.46678,0.36202,0.34532,0.375,0.62533,0.11777,0.60597,0.46411,0.55184,0.21995,0.54631,0.23214,0.65419,0.049632,0.23399,0.28568,0.50844,0.41513,0.06941,0.32581,0.54078,0.5377,0.33672,0.64148,0.45763,0.064918,0.40724,0.37525,0.89843,0.41597,0.68589,0.030047,0.036607,0.32723,0.47937
0.59889,0.28756,0.33507,0.42819,0.10824,0.46796,0.40192,0.37764,0.27873,0.38507,0.25837,0.44882,0.21643,0.46204,0.24396,0.45349,0.40612,0.22697,0.37895,0.35973,0.58362,0.32424,0.54967,0.4036,0.17553,0.32286,0.45947,0.42096,1,0.47372,0.16106,0.15957,0.50341,0.46876,0.53366,0.26077,0.28907,0.41116,0.12405,0.44946,0.3717,0.36629,0.26675,0.38317,0.23486,0.44132,0.19998,0.42765,0.25516,0.45025,0.28343,0.18057,0.31172,0.33662,0.55707,0.2861,0.52392,0.40601,0.16219,0.25362,0.42465,0.4143,0.71118,0.43846,0.14352,0.14041,0.43873,0.44435
0.41898,0.41162,0.41947,0.4056,0.11125,0.44113,0.48735,0.55905,0.17044,0.35899,0.34572,0.43864,0.022675,0.38493,0.17671,0.43464,0.55125,0.26208,0.43909,0.41351,0.52864,0.45117,0.67241,0.36394,0.07427,0.62279,0.48602,0.67252,0.47372,1,0.050672,0.04806,0.39741,0.56401,0.40623,0.36939,0.42227,0.38979,0.11354,0.40033,0.44451,0.49628,0.16473,0.33932,0.29516,0.43895,0.01499,0.31959,0.19087,0.45853,0.54875,0.21143,0.48308,0.39406,0.47323,0.39429,0.58677,0.35714,0.077156,0.49669,0.46602,0.60825,0.44431,0.77065,0.03779,0.029087,0.37242,0.54173
0.182,0.007527,0.26406,0.043281,0.043995,0.10619,0.29752,0.12229,0.22836,0.098731,0.12187,0.069216,0.26194,0.35411,0.11579,0.081659,0.11146,0.21229,0.17045,0.055587,0.11521,0.10446,0.051033,0.26409,0.1327,0.11248,0.29805,0.02313,0.16106,0.050672,1,0.10225,0.083718,0.035095,0.11398,0.0020122,0.10852,0.042574,0.044089,0.10782,0.17739,0.099477,0.17264,0.11041,0.086023,0.063493,0.18885,0.26908,0.092312,0.067502,-0.042495,0.15332,0.044711,0.053775,0.11826,0.054256,0.047311,0.19623,0.08868,0.020877,0.17494,0.026254,0.13287,-0.0092772,0.22649,0.097482,0.083012,0.024731
0.14688,0.02568,0.11799,0.056134,0.079326,0.1174,0.1493,0.11803,0.107,0.068133,0.080493,0.07215,0.13219,0.22121,0.089584,0.077325,0.07669,0.12402,0.11081,0.04908,0.10905,0.057467,0.074577,0.11981,0.079446,0.034004,0.16167,0.045062,0.15957,0.04806,0.10225,1,0.06815,0.066763,0.1115,0.016883,0.063345,0.055082,0.045682,0.11539,0.10694,0.10267,0.095722,0.074771,0.051503,0.069742,0.10517,0.18606,0.080786,0.070923,-0.0043025,0.092887,0.041397,0.047415,0.10646,0.034403,0.068477,0.1056,0.057076,-0.0025398,0.1182,0.047357,0.12964,0.023841,0.092823,0.094141,0.063184,0.050409
0.29485,0.28796,0.24346,0.33992,0.079478,0.31313,0.28743,0.25421,0.23572,0.31704,0.21702,0.36617,0.13164,0.25202,0.18466,0.34316,0.27911,0.14642,0.23419,0.36958,0.44209,0.31548,0.4212,0.33822,0.16853,0.29998,0.347,0.34275,0.50341,0.39741,0.083718,0.06815,1,0.43407,0.30972,0.27217,0.26356,0.33369,0.09552,0.29921,0.30506,0.26064,0.23641,0.30725,0.21541,0.3609,0.13285,0.26571,0.18849,0.34832,0.27013,0.14906,0.27224,0.35807,0.41766,0.29934,0.40602,0.35155,0.16534,0.28263,0.37027,0.33616,0.45599,0.39818,0.083935,0.060949,0.45856,0.40318
0.30126,0.41337,0.19021,0.40031,0.09963,0.36231,0.23293,0.31752,0.16823,0.3322,0.29384,0.4114,0.073228,0.20511,0.17115,0.41205,0.40974,0.12698,0.31265,0.39851,0.51604,0.37383,0.57539,0.29666,0.14089,0.38546,0.35383,0.46678,0.46876,0.56401,0.035095,0.066763,0.43407,1,0.33978,0.38338,0.23485,0.38954,0.10344,0.34096,0.26405,0.32011,0.18216,0.32015,0.24343,0.41093,0.070825,0.21176,0.18394,0.43494,0.41693,0.087758,0.36947,0.38369,0.47787,0.35141,0.5321,0.31515,0.14441,0.32862,0.39069,0.4498,0.43191,0.57146,0.03228,0.043819,0.38281,0.55453
0.52907,0.25567,0.25518,0.37954,0.070754,0.38036,0.33475,0.30283,0.19699,0.33312,0.21995,0.38595,0.11878,0.3666,0.17159,0.35163,0.37438,0.17448,0.35017,0.31312,0.40878,0.28644,0.41233,0.32529,0.10601,0.27574,0.36475,0.36202,0.53366,0.40623,0.11398,0.1115,0.30972,0.33978,1,0.2487,0.30683,0.36898,0.10015,0.4011,0.39963,0.38649,0.1927,0.34942,0.23224,0.38993,0.12416,0.49322,0.18543,0.35806,0.38142,0.2059,0.4393,0.29864,0.41999,0.2674,0.44076,0.35624,0.11775,0.28533,0.4251,0.36981,0.60564,0.43049,0.12331,0.1227,0.30821,0.37593
0.1694,0.39029,0.10764,0.31393,0.06489,0.24896,0.15437,0.18912,0.15328,0.27349,0.21215,0.31794,0.028618,0.090111,0.11832,0.25437,0.26598,0.020906,0.17838,0.34201,0.27419,0.32968,0.34274,0.26689,0.18052,0.31866,0.27871,0.34532,0.26077,0.36939,0.0020122,0.016883,0.27217,0.38338,0.2487,1,0.2093,0.31062,0.075024,0.2364,0.22717,0.23153,0.16879,0.26678,0.20151,0.31969,0.051329,0.15562,0.13158,0.28236,0.35652,0.034747,0.31387,0.33302,0.25993,0.35133,0.34459,0.29333,0.204,0.34826,0.39411,0.34708,0.27185,0.41787,0.011473,0.012066,0.27218,0.39301
0.25722,0.17494,0.56882,0.21364,0.09148,0.33663,0.6098,0.39027,0.32143,0.29356,0.253,0.30366,0.112,0.39294,0.25318,0.22506,0.30538,0.22913,0.23137,0.31092,0.26206,0.32222,0.30001,0.48313,0.15664,0.51398,0.42991,0.375,0.28907,0.42227,0.10852,0.063345,0.26356,0.23485,0.30683,0.2093,1,0.21225,0.12301,0.32743,0.78709,0.45725,0.35712,0.26743,0.36345,0.292,0.19359,0.56219,0.26349,0.21232,0.40699,0.47086,0.39254,0.30994,0.26182,0.34445,0.29274,0.55566,0.1783,0.68596,0.6147,0.36718,0.30782,0.42482,0.19342,0.081368,0.2687,0.2585
0.31412,0.32491,0.15835,0.85848,0.077582,0.51656,0.28109,0.28273,0.23118,0.54006,0.17499,0.77847,0.078014,0.17122,0.20986,0.41513,0.26239,0.055141,0.19534,0.73417,0.47732,0.32273,0.47945,0.40336,0.11537,0.29256,0.2829,0.62533,0.41116,0.38979,0.042574,0.055082,0.33369,0.38954,0.36898,0.31062,0.21225,1,0.090907,0.51614,0.32922,0.32189,0.2616,0.55566,0.16989,0.80245,0.083595,0.2149,0.24409,0.43949,0.28905,0.042154,0.24973,0.7404,0.48676,0.3036,0.51082,0.45602,0.11495,0.28026,0.32049,0.63606,0.41631,0.4481,0.04666,0.052013,0.32806,0.41706
0.095917,0.072163,0.10751,0.091527,0.058681,0.14595,0.14377,0.1404,0.1003,0.10444,0.083267,0.10912,0.077298,0.127,0.095518,0.097806,0.076394,0.081879,0.079126,0.094035,0.11385,0.10442,0.11163,0.12852,0.068681,0.10027,0.12881,0.11777,0.12405,0.11354,0.044089,0.045682,0.09552,0.10344,0.10015,0.075024,0.12301,0.090907,1,0.16469,0.15093,0.15294,0.10629,0.1036,0.1041,0.10773,0.086903,0.14809,0.12494,0.097787,0.079407,0.094928,0.095537,0.0923,0.11606,0.096443,0.11279,0.13065,0.068347,0.1049,0.13783,0.11655,0.12581,0.11267,0.055852,0.10638,0.096124,0.1073
0.36255,0.24949,0.28026,0.51958,0.12285,0.70276,0.42916,0.45883,0.24727,0.53551,0.20372,0.58906,0.17172,0.32107,0.30866,0.38706,0.27006,0.17105,0.24078,0.45371,0.43991,0.27715,0.46565,0.39746,0.12305,0.28375,0.35045,0.60597,0.44946,0.40033,0.10782,0.11539,0.29921,0.34096,0.4011,0.2364,0.32743,0.51614,0.16469,1,0.46107,0.53783,0.27125,0.58036,0.21875,0.60316,0.17156,0.3727,0.38232,0.3956,0.28068,0.15866,0.28274,0.45196,0.45489,0.24184,0.4932,0.4324,0.11257,0.26526,0.35627,0.62538,0.46056,0.44363,0.1152,0.13024,0.29024,0.36887
0.32364,0.19535,0.57591,0.32239,0.11323,0.45587,0.76501,0.44814,0.46626,0.39671,0.26266,0.41304,0.20156,0.52843,0.3342,0.29097,0.26799,0.24601,0.21787,0.37983,0.33111,0.41135,0.30966,0.67622,0.23068,0.5084,0.47674,0.46411,0.3717,0.44451,0.17739,0.10694,0.30506,0.26405,0.39963,0.22717,0.78709,0.32922,0.15093,0.46107,1,0.54875,0.49495,0.39283,0.36931,0.40875,0.28187,0.72076,0.34817,0.27389,0.35246,0.47804,0.37229,0.38299,0.33479,0.43289,0.31504,0.75086,0.24515,0.67775,0.65254,0.47593,0.39825,0.46239,0.25478,0.13873,0.31262,0.29558
0.33075,0.23365,0.35229,0.32675,0.12145,0.49814,0.46549,0.55173,0.22078,0.41004,0.23993,0.37521,0.12103,0.38154,0.22826,0.32411,0.2908,0.23128,0.2655,0.31105,0.36696,0.31267,0.42023,0.35435,0.10266,0.38126,0.36594,0.55184,0.36629,0.49628,0.099477,0.10267,0.26064,0.32011,0.38649,0.23153,0.45725,0.32189,0.15294,0.53783,0.54875,1,0.23649,0.42431,0.28561,0.38294,0.14211,0.4872,0.25726,0.32879,0.37249,0.29093,0.37069,0.30936,0.38191,0.2912,0.43722,0.38748,0.10454,0.41723,0.42532,0.57331,0.39821,0.53967,0.1239,0.13121,0.25582,0.35067
0.17178,0.15408,0.31816,0.2507,0.08143,0.26905,0.45132,0.1956,0.47604,0.26071,0.15731,0.30512,0.26133,0.33042,0.28321,0.21742,0.089406,0.11852,0.079442,0.30216,0.26031,0.32423,0.17835,0.58164,0.27169,0.23964,0.35932,0.21995,0.26675,0.16473,0.17264,0.095722,0.23641,0.18216,0.1927,0.16879,0.35712,0.2616,0.10629,0.27125,0.49495,0.23649,1,0.26389,0.19495,0.3152,0.30196,0.40562,0.29288,0.20601,0.064954,0.17672,0.11273,0.3071,0.25819,0.34193,0.18604,0.61072,0.25892,0.29651,0.4125,0.23244,0.26634,0.17279,0.19218,0.11167,0.24368,0.19236
0.32772,0.26293,0.25225,0.53721,0.089772,0.56593,0.3711,0.37485,0.26482,0.89093,0.21207,0.53694,0.14116,0.27976,0.19296,0.34397,0.27155,0.17788,0.25703,0.53326,0.38186,0.32584,0.39168,0.37209,0.15319,0.33063,0.33258,0.54631,0.38317,0.33932,0.11041,0.074771,0.30725,0.32015,0.34942,0.26678,0.26743,0.55566,0.1036,0.58036,0.39283,0.42431,0.26389,1,0.21191,0.55486,0.13073,0.30927,0.21336,0.34406,0.26894,0.1527,0.2896,0.55806,0.40085,0.29665,0.43031,0.38522,0.14731,0.31625,0.34047,0.58793,0.38499,0.39207,0.11253,0.074508,0.3015,0.34791
0.19366,0.17827,0.27306,0.17112,0.0711,0.23091,0.29904,0.25492,0.18612,0.22797,0.27577,0.21721,0.11259,0.24058,0.14533,0.17099,0.26678,0.21344,0.26506,0.23451,0.1902,0.24655,0.21698,0.24887,0.15152,0.30121,0.28044,0.23214,0.23486,0.29516,0.086023,0.051503,0.21541,0.24343,0.23224,0.20151,0.36345,0.16989,0.1041,0.21875,0.36931,0.28561,0.19495,0.21191,1,0.20898,0.21604,0.33066,0.14411,0.16713,0.32982,0.35802,0.39101,0.23029,0.19087,0.24601,0.21051,0.27471,0.16161,0.38912,0.37278,0.223,0.2533,0.29998,0.13603,0.071498,0.22332,0.27452
0.34192,0.33553,0.23753,0.79346,0.089648,0.59257,0.36744,0.34233,0.27389,0.53636,0.20893,0.83278,0.11092,0.23714,0.26812,0.42828,0.30043,0.1052,0.23584,0.75447,0.49709,0.34597,0.50926,0.45669,0.13807,0.33073,0.35021,0.65419,0.44132,0.43895,0.063493,0.069742,0.3609,0.41093,0.38993,0.31969,0.292,0.80245,0.10773,0.60316,0.40875,0.38294,0.3152,0.55486,0.20898,1,0.11681,0.28005,0.32765,0.4523,0.31518,0.098932,0.28633,0.76,0.50289,0.3206,0.53244,0.50493,0.1349,0.31488,0.38008,0.66136,0.44609,0.48501,0.071919,0.068881,0.35745,0.43883
0.13033,0.041243,0.21476,0.081836,0.060477,0.16622,0.28714,0.12487,0.31562,0.12951,0.11187,0.12721,0.34517,0.28568,0.20832,0.13157,0.018197,0.14062,0.059252,0.11013,0.17222,0.14321,0.078266,0.3408,0.24816,0.055617,0.27436,0.049632,0.19998,0.01499,0.18885,0.10517,0.13285,0.070825,0.12416,0.051329,0.19359,0.083595,0.086903,0.17156,0.28187,0.14211,0.30196,0.13073,0.21604,0.11681,1,0.32955,0.19551,0.1107,-0.045421,0.16465,0.040536,0.11114,0.17643,0.13097,0.086227,0.32986,0.26223,0.082321,0.27562,0.05372,0.19913,0.012935,0.22368,0.13357,0.13521,0.075291
0.43223,0.14004,0.48357,0.21626,0.10325,0.34762,0.62327,0.35624,0.41158,0.29777,0.24412,0.28159,0.28657,0.6584,0.26136,0.25746,0.26762,0.3254,0.30624,0.23915,0.32166,0.32919,0.2376,0.53329,0.24376,0.3088,0.50413,0.23399,0.42765,0.31959,0.26908,0.18606,0.26571,0.21176,0.49322,0.15562,0.56219,0.2149,0.14809,0.3727,0.72076,0.4872,0.40562,0.30927,0.33066,0.28005,0.32955,1,0.2656,0.24034,0.24748,0.51583,0.3867,0.23967,0.33178,0.32658,0.26268,0.56044,0.24418,0.43028,0.62047,0.25003,0.48131,0.31608,0.3181,0.23186,0.27216,0.24516
0.16522,0.13283,0.22254,0.2426,0.083896,0.34719,0.32178,0.2285,0.25728,0.20517,0.12372,0.31517,0.18127,0.22428,0.30581,0.22347,0.11393,0.095209,0.10174,0.24479,0.24944,0.18708,0.22987,0.3727,0.149,0.16338,0.25628,0.28568,0.25516,0.19087,0.092312,0.080786,0.18849,0.18394,0.18543,0.13158,0.26349,0.24409,0.12494,0.38232,0.34817,0.25726,0.29288,0.21336,0.14411,0.32765,0.19551,0.2656,1,0.21928,0.10454,0.1133,0.12734,0.24141,0.25272,0.16977,0.23371,0.39361,0.13135,0.17496,0.26941,0.28698,0.25549,0.19985,0.10356,0.098332,0.18527,0.19654
0.32743,0.31667,0.1865,0.45118,0.083958,0.39256,0.25194,0.28571,0.19312,0.33538,0.17376,0.44101,0.11766,0.21411,0.18943,0.63174,0.27615,0.10428,0.20804,0.36241,0.6173,0.3228,0.6232,0.33539,0.11217,0.2772,0.36703,0.50844,0.45025,0.45853,0.067502,0.070923,0.34832,0.43494,0.35806,0.28236,0.21232,0.43949,0.097787,0.3956,0.27389,0.32879,0.20601,0.34406,0.16713,0.4523,0.1107,0.24034,0.21928,1,0.27963,0.065825,0.23351,0.34362,0.63748,0.31682,0.65817,0.35936,0.10317,0.23694,0.38105,0.52578,0.46027,0.51063,0.057407,0.060476,0.34051,0.46284
0.24467,0.34013,0.18031,0.29522,0.058362,0.29047,0.19597,0.29686,0.031943,0.28766,0.27664,0.31125,-0.082377,0.11379,0.070784,0.24739,0.45327,0.11255,0.33137,0.324,0.24815,0.30229,0.42209,0.14637,0.03217,0.41161,0.23332,0.41513,0.28343,0.54875,-0.042495,-0.0043025,0.27013,0.41693,0.38142,0.35652,0.40699,0.28905,0.079407,0.28068,0.35246,0.37249,0.064954,0.26894,0.32982,0.31518,-0.045421,0.24748,0.10454,0.27963,1,0.23594,0.62169,0.31617,0.24399,0.32213,0.43487,0.21663,0.074477,0.5267,0.43269,0.41425,0.33165,0.61779,0.00074871,-0.000812,0.26738,0.469
0.2202,0.010164,0.40326,0.041537,0.063117,0.15307,0.41602,0.25116,0.18049,0.16564,0.22564,0.10571,0.12824,0.42733,0.11352,0.088004,0.22911,0.41689,0.30121,0.11149,0.11574,0.1575,0.089517,0.18108,0.081849,0.25865,0.29736,0.06941,0.18057,0.21143,0.15332,0.092887,0.14906,0.087758,0.2059,0.034747,0.47086,0.042154,0.094928,0.15866,0.47804,0.29093,0.17672,0.1527,0.35802,0.098932,0.16465,0.51583,0.1133,0.065825,0.23594,1,0.37573,0.11598,0.12495,0.15873,0.087488,0.20567,0.094875,0.39287,0.39492,0.06293,0.19832,0.17155,0.2168,0.1126,0.15626,0.10934
0.31374,0.29613,0.23511,0.25356,0.065103,0.2886,0.26529,0.30102,0.10427,0.30181,0.3296,0.28532,0.010445,0.25882,0.10797,0.21203,0.47662,0.23835,0.46942,0.31005,0.21862,0.30848,0.33075,0.20024,0.084624,0.3745,0.31416,0.32581,0.31172,0.48308,0.044711,0.041397,0.27224,0.36947,0.4393,0.31387,0.39254,0.24973,0.095537,0.28274,0.37229,0.37069,0.11273,0.2896,0.39101,0.28633,0.040536,0.3867,0.12734,0.23351,0.62169,0.37573,1,0.30709,0.21787,0.3115,0.33906,0.24427,0.11541,0.46114,0.47138,0.32209,0.35964,0.50387,0.086661,0.053101,0.27197,0.40305
0.25346,0.33964,0.25727,0.7087,0.079789,0.46846,0.34526,0.29154,0.28853,0.55513,0.23452,0.7413,0.096438,0.20308,0.22184,0.32469,0.30014,0.11233,0.23869,0.85984,0.38554,0.36069,0.41833,0.44388,0.1674,0.35556,0.34655,0.54078,0.33662,0.39406,0.053775,0.047415,0.35807,0.38369,0.29864,0.33302,0.30994,0.7404,0.0923,0.45196,0.38299,0.30936,0.3071,0.55806,0.23029,0.76,0.11114,0.23967,0.24141,0.34362,0.31617,0.11598,0.30709,1,0.38243,0.3422,0.42004,0.47497,0.16647,0.3501,0.38364,0.53804,0.33473,0.4206,0.066924,0.046292,0.36176,0.39913
0.41402,0.30482,0.27631,0.50163,0.10201,0.43968,0.33145,0.34031,0.25454,0.39006,0.18951,0.48904,0.18872,0.30402,0.22735,0.62855,0.29787,0.1582,0.24689,0.40334,0.85355,0.32164,0.73422,0.37904,0.13267,0.28525,0.44802,0.5377,0.55707,0.47323,0.11826,0.10646,0.41766,0.47787,0.41999,0.25993,0.26182,0.48676,0.11606,0.45489,0.33479,0.38191,0.25819,0.40085,0.19087,0.50289,0.17643,0.33178,0.25272,0.63748,0.24399,0.12495,0.21787,0.38243,1,0.27833,0.8006,0.39011,0.11532,0.23205,0.41734,0.56253,0.57024,0.55642,0.10737,0.10839,0.41398,0.52011
0.18288,0.3212,0.22481,0.30119,0.075927,0.25488,0.33306,0.23066,0.31121,0.30621,0.22391,0.31476,0.080117,0.22899,0.16046,0.27401,0.22033,0.086496,0.14735,0.34185,0.2906,0.47321,0.30615,0.44033,0.22588,0.3915,0.33225,0.33672,0.2861,0.39429,0.054256,0.034403,0.29934,0.35141,0.2674,0.35133,0.34445,0.3036,0.096443,0.24184,0.43289,0.2912,0.34193,0.29665,0.24601,0.3206,0.13097,0.32658,0.16977,0.31682,0.32213,0.15873,0.3115,0.3422,0.27833,1,0.30931,0.48178,0.24542,0.47427,0.4747,0.34232,0.30121,0.42908,0.087127,0.043078,0.2968,0.36899
0.39042,0.38694,0.22017,0.53055,0.094807,0.48296,0.26874,0.37612,0.16806,0.4215,0.20971,0.51622,0.092802,0.21996,0.19429,0.6235,0.37968,0.11279,0.27395,0.44147,0.75531,0.3402,0.81814,0.31058,0.082215,0.33952,0.42523,0.64148,0.52392,0.58677,0.047311,0.068477,0.40602,0.5321,0.44076,0.34459,0.29274,0.51082,0.11279,0.4932,0.31504,0.43722,0.18604,0.43031,0.21051,0.53244,0.086227,0.26268,0.23371,0.65817,0.43487,0.087488,0.33906,0.42004,0.8006,0.30931,1,0.34286,0.082668,0.31314,0.45539,0.67037,0.5517,0.69014,0.047146,0.069226,0.3963,0.58167
0.27815,0.2767,0.42312,0.44325,0.1033,0.43417,0.63843,0.29922,0.56247,0.38363,0.22302,0.50377,0.26848,0.41684,0.38346,0.35541,0.18138,0.091622,0.12208,0.47435,0.39651,0.46462,0.33335,0.83699,0.32111,0.40591,0.48189,0.45763,0.40601,0.35714,0.19623,0.1056,0.35155,0.31515,0.35624,0.29333,0.55566,0.45602,0.13065,0.4324,0.75086,0.38748,0.61072,0.38522,0.27471,0.50493,0.32986,0.56044,0.39361,0.35936,0.21663,0.20567,0.24427,0.47497,0.39011,0.48178,0.34286,1,0.31973,0.50944,0.60794,0.47235,0.41862,0.38329,0.23135,0.1316,0.35317,0.33882
0.070647,0.16717,0.11741,0.11171,0.040869,0.11361,0.18389,0.055419,0.2542,0.15289,0.14244,0.1387,0.18759,0.16021,0.13887,0.10874,0.049962,0.024435,0.030522,0.16518,0.12091,0.22235,0.070971,0.31046,0.32916,0.14288,0.25031,0.064918,0.16219,0.077156,0.08868,0.057076,0.16534,0.14441,0.11775,0.204,0.1783,0.11495,0.068347,0.11257,0.24515,0.10454,0.25892,0.14731,0.16161,0.1349,0.26223,0.24418,0.13135,0.10317,0.074477,0.094875,0.11541,0.16647,0.11532,0.24542,0.082668,0.31973,1,0.22437,0.33799,0.07242,0.17184,0.10098,0.12231,0.074163,0.17088,0.14746
0.1855,0.29709,0.3998,0.27818,0.071147,0.27948,0.45436,0.32453,0.25119,0.3446,0.27988,0.31484,-0.016102,0.23248,0.15687,0.22799,0.31238,0.12048,0.18457,0.35171,0.2399,0.41325,0.3112,0.42486,0.16754,0.65432,0.35813,0.40724,0.25362,0.49669,0.020877,-0.0025398,0.28263,0.32862,0.28533,0.34826,0.68596,0.28026,0.1049,0.26526,0.67775,0.41723,0.29651,0.31625,0.38912,0.31488,0.082321,0.43028,0.17496,0.23694,0.5267,0.39287,0.46114,0.3501,0.23205,0.47427,0.31314,0.50944,0.22437,1,0.62739,0.40683,0.29488,0.54559,0.12716,0.013278,0.29629,0.37026
0.33561,0.35843,0.44127,0.32752,0.09787,0.35796,0.51401,0.31766,0.3961,0.35426,0.30991,0.38412,0.21108,0.45434,0.26145,0.37113,0.37025,0.21415,0.29044,0.39286,0.42757,0.45008,0.44247,0.56305,0.32232,0.48574,0.6415,0.37525,0.42465,0.46602,0.17494,0.1182,0.37027,0.39069,0.4251,0.39411,0.6147,0.32049,0.13783,0.35627,0.65254,0.42532,0.4125,0.34047,0.37278,0.38008,0.27562,0.62047,0.26941,0.38105,0.43269,0.39492,0.47138,0.38364,0.41734,0.4747,0.45539,0.60794,0.33799,0.62739,1,0.38394,0.44241,0.5009,0.23758,0.14231,0.36494,0.41973
0.31149,0.36393,0.23652,0.63603,0.10522,0.6209,0.38585,0.50129,0.19395,0.56683,0.20936,0.63605,0.04432,0.19604,0.23404,0.49513,0.31387,0.069797,0.21882,0.54519,0.5456,0.36501,0.63136,0.41526,0.066378,0.40502,0.33147,0.89843,0.4143,0.60825,0.026254,0.047357,0.33616,0.4498,0.36981,0.34708,0.36718,0.63606,0.11655,0.62538,0.47593,0.57331,0.23244,0.58793,0.223,0.66136,0.05372,0.25003,0.28698,0.52578,0.41425,0.06293,0.32209,0.53804,0.56253,0.34232,0.67037,0.47235,0.07242,0.40683,0.38394,1,0.43087,0.71214,0.035403,0.040553,0.32964,0.49219
0.52285,0.28993,0.28803,0.42473,0.095048,0.43853,0.36196,0.33567,0.26511,0.36623,0.23162,0.43833,0.19561,0.37696,0.23129,0.45002,0.35165,0.18421,0.31946,0.34969,0.55269,0.32772,0.51878,0.39452,0.16535,0.28831,0.41906,0.41597,0.71118,0.44431,0.13287,0.12964,0.45599,0.43191,0.60564,0.27185,0.30782,0.41631,0.12581,0.46056,0.39825,0.39821,0.26634,0.38499,0.2533,0.44609,0.19913,0.48131,0.25549,0.46027,0.33165,0.19832,0.35964,0.33473,0.57024,0.30121,0.5517,0.41862,0.17184,0.29488,0.44241,0.43087,1,0.48286,0.13793,0.15456,0.48349,0.48675
0.31501,0.43285,0.22678,0.4599,0.095169,0.44203,0.31516,0.44492,0.13923,0.39688,0.26508,0.47142,-0.013965,0.21327,0.16327,0.47114,0.41808,0.10322,0.2885,0.43209,0.55102,0.42492,0.66317,0.32117,0.069652,0.48265,0.35373,0.68589,0.43846,0.77065,-0.0092772,0.023841,0.39818,0.57146,0.43049,0.41787,0.42482,0.4481,0.11267,0.44363,0.46239,0.53967,0.17279,0.39207,0.29998,0.48501,0.012935,0.31608,0.19985,0.51063,0.61779,0.17155,0.50387,0.4206,0.55642,0.42908,0.69014,0.38329,0.10098,0.54559,0.5009,0.71214,0.48286,1,0.019042,0.022222,0.39765,0.62371
0.14231,0.0058219,0.20365,0.046696,0.035363,0.10895,0.24947,0.099343,0.20388,0.1104,0.089859,0.076621,0.19614,0.27904,0.10839,0.078026,0.059037,0.13331,0.10091,0.067085,0.10657,0.092971,0.040621,0.23759,0.12143,0.074142,0.2105,0.030047,0.14352,0.03779,0.22649,0.092823,0.083935,0.03228,0.12331,0.011473,0.19342,0.04666,0.055852,0.1152,0.25478,0.1239,0.19218,0.11253,0.13603,0.071919,0.22368,0.3181,0.10356,0.057407,0.00074871,0.2168,0.086661,0.066924,0.10737,0.087127,0.047146,0.23135,0.12231,0.12716,0.23758,0.035403,0.13793,0.019042,1,0.10694,0.084824,0.03457
0.12173,0.018618,0.096663,0.052708,0.037149,0.1112,0.14535,0.087944,0.12129,0.068251,0.035192,0.070218,0.12949,0.19252,0.097041,0.073183,0.036771,0.080968,0.065735,0.049464,0.10146,0.052418,0.06022,0.13727,0.082047,0.0014105,0.13824,0.036607,0.14041,0.029087,0.097482,0.094141,0.060949,0.043819,0.1227,0.012066,0.081368,0.052013,0.10638,0.13024,0.13873,0.13121,0.11167,0.074508,0.071498,0.068881,0.13357,0.23186,0.098332,0.060476,-0.000812,0.1126,0.053101,0.046292,0.10839,0.043078,0.069226,0.1316,0.074163,0.013278,0.14231,0.040553,0.15456,0.022222,0.10694,1,0.059675,0.052283
0.27089,0.27682,0.24843,0.32842,0.077971,0.29417,0.28943,0.23651,0.23977,0.30296,0.21626,0.35547,0.1262,0.23724,0.17437,0.33208,0.26999,0.14332,0.22698,0.3682,0.41248,0.318,0.38979,0.33835,0.16519,0.29438,0.34027,0.32723,0.43873,0.37242,0.083012,0.063184,0.45856,0.38281,0.30821,0.27218,0.2687,0.32806,0.096124,0.29024,0.31262,0.25582,0.24368,0.3015,0.22332,0.35745,0.13521,0.27216,0.18527,0.34051,0.26738,0.15626,0.27197,0.36176,0.41398,0.2968,0.3963,0.35317,0.17088,0.29629,0.36494,0.32964,0.48349,0.39765,0.084824,0.059675,1,0.42941
0.29434,0.414,0.1685,0.42481,0.087003,0.37042,0.22615,0.29376,0.16757,0.35194,0.24931,0.42995,0.065717,0.17761,0.16519,0.43169,0.3578,0.092653,0.26741,0.41158,0.51219,0.37597,0.56272,0.30352,0.13417,0.34807,0.33882,0.47937,0.44435,0.54173,0.024731,0.050409,0.40318,0.55453,0.37593,0.39301,0.2585,0.41706,0.1073,0.36887,0.29558,0.35067,0.19236,0.34791,0.27452,0.43883,0.075291,0.24516,0.19654,0.46284,0.469,0.10934,0.40305,0.39913,0.52011,0.36899,0.58167,0.33882,0.14746,0.37026,0.41973,0.49219,0.48675,0.62371,0.03457,0.052283,0.42941,1
