0.000000000000000000e+00,9.888897153728869460e-01,9.890464321855028107e-01,9.864862054289064153e-01,9.886288566547478673e-01,9.865538258345903921e-01,9.898251971136293736e-01,9.906511875465382477e-01,9.871446790156620521e-01,9.732283642326465811e-01,9.889351193471170864e-01,9.647467285497575151e-01,9.591850872265266226e-01,9.866799314143616106e-01,9.897337859094064161e-01,9.889843977901038308e-01,9.886027858137050872e-01,9.871506805554132180e-01,9.898249100481429918e-01,9.900383663142917623e-01,9.905496557096991062e-01,9.873480868466508742e-01,9.894792028209866697e-01,9.885054678282723106e-01,9.894368512619966527e-01,9.873802532841674529e-01,9.879859899825143010e-01,9.877390105100466444e-01,9.894067652725662132e-01,9.880078427785671247e-01,9.878997529212392159e-01,9.907829405367056808e-01,9.882317270807919884e-01,9.895065921159951206e-01,9.877884286758601418e-01,9.885863165584566348e-01,9.886703217601860993e-01,9.876090847623315572e-01,9.868634261929324358e-01,9.882976892776091926e-01,9.883611144237837154e-01,9.902583673096755357e-01,9.869561771948421880e-01,9.880979930209207174e-01,9.861229387937372470e-01,9.678340715189180932e-01,9.874645655013498668e-01,9.885582067540861217e-01,9.881666142791182272e-01,9.891966116986972146e-01,9.881998306841102142e-01,9.864641549463106784e-01,9.899418292602666369e-01,9.878653049238933503e-01,9.902933410457408492e-01,9.892570565329580345e-01,9.906298885372557539e-01,9.887107263404770752e-01,9.899452958825990523e-01,9.891190453367034729e-01,9.865050313775579616e-01,9.888941217653891558e-01,9.869894677120624182e-01,9.897735682252920553e-01,9.893424116322903084e-01,9.895827324288565263e-01,9.872607728612929900e-01,9.912593947548753448e-01,9.898006748006028532e-01,9.883844232609618752e-01,9.884895640422812768e-01
9.888897153728869460e-01,0.000000000000000000e+00,9.864827513947327375e-01,9.860000657878860153e-01,9.866807157647597970e-01,9.871683394988093330e-01,9.883290003420260872e-01,9.899016623929938197e-01,9.875966008674665897e-01,9.754480043362577790e-01,9.884142272334361934e-01,9.649810773586730006e-01,9.617568629496310306e-01,9.890267884982344437e-01,9.912522115548544344e-01,9.893348770391399150e-01,9.880061486874021082e-01,9.876610553995678332e-01,9.889166768455018852e-01,9.908102543213432867e-01,9.891789002229184335e-01,9.873040116823859069e-01,9.899299792669310483e-01,9.862851072413826303e-01,9.897186098796779685e-01,9.875105205348171378e-01,9.863055151725647063e-01,9.895311487589426580e-01,9.897817780097185603e-01,9.885256060482291440e-01,9.886464607397671411e-01,9.879230588259501067e-01,9.891444870715814242e-01,9.853314259753969129e-01,9.860558826025703771e-01,9.884314677254836257e-01,9.896304652729187579e-01,9.883395593689878744e-01,9.880676567781858655e-01,9.871410556175089779e-01,9.881202367332968528e-01,9.883391354748974900e-01,9.870216719218010137e-01,9.866315581422265835e-01,9.851156191157743880e-01,9.663559453412505773e-01,9.861761619585148742e-01,9.870501407856174803e-01,9.867693000781586621e-01,9.896208103398874689e-01,9.889334718119091594e-01,9.887458936748380056e-01,9.897539641549523148e-01,9.888805502218102061e-01,9.888893436200285603e-01,9.898942953610067041e-01,9.907728941654534438e-01,9.875522462611170393e-01,9.887155561381527624e-01,9.893870370621730137e-01,9.878462094776263580e-01,9.887973526842563921e-01,9.879981806876634298e-01,9.882144244791970511e-01,9.885548221671300873e-01,9.898139940241145185e-01,9.889638998256065072e-01,9.893048876950569781e-01,9.903465355991722952e-01,9.896172667990364991e-01,9.875707617563066476e-01
9.890464321855028107e-01,9.864827513947327375e-01,0.000000000000000000e+00,9.886045958270469614e-01,9.914385714645762571e-01,9.897705639633078700e-01,9.897797488018821310e-01,9.876784110808090045e-01,9.882169435647585320e-01,9.797907337183868748e-01,9.899091378402428143e-01,9.733157623021631011e-01,9.673032249594498699e-01,9.873344281548148693e-01,9.879343968212056515e-01,9.851129231902259198e-01,9.837740443238970345e-01,9.839890494317019565e-01,9.870169658948994007e-01,9.870737017118341727e-01,9.891735750445996844e-01,9.888260444115039016e-01,9.886072408168616876e-01,9.879706698144119503e-01,9.898135349324064247e-01,9.881447857125308376e-01,9.884202881123287376e-01,9.858572759674553154e-01,9.870183811252334349e-01,9.860761635067453179e-01,9.875009123282230128e-01,9.878756840992461985e-01,9.886703779430376926e-01,9.896841459955699749e-01,9.881377265206748861e-01,9.878227531795993333e-01,9.879307467281112087e-01,9.872896779970746772e-01,9.833650295248224094e-01,9.881694748523344174e-01,9.867087107962786430e-01,9.902551983230026833e-01,9.886237277179943383e-01,9.889358484922561310e-01,9.865378097310288918e-01,9.740159284145943897e-01,9.894660686220703161e-01,9.877857239806948630e-01,9.817047429242330425e-01,9.853324468855561014e-01,9.837852059667774318e-01,9.813984790930848634e-01,9.852668932121972922e-01,9.881841784421370178e-01,9.880029825348017880e-01,9.870324478480476671e-01,9.877780436943637277e-01,9.856195268730059134e-01,9.871955452943875775e-01,9.862115263564985579e-01,9.841349900290274899e-01,9.845250301083992017e-01,9.839643369803336981e-01,9.887267597027880051e-01,9.878401919270595188e-01,9.901054038383313438e-01,9.882533625222995610e-01,9.895249968599802992e-01,9.890016392503366838e-01,9.898419704397453112e-01,9.875987773958313509e-01
9.864862054289064153e-01,9.860000657878860153e-01,9.886045958270469614e-01,0.000000000000000000e+00,9.910643775040285375e-01,9.912653968952548356e-01,9.893225996553755008e-01,9.892218193759968470e-01,9.891491673543484353e-01,9.830413873717523954e-01,9.910093921452862720e-01,9.781964566611488499e-01,9.788983158205952773e-01,9.913566284906454307e-01,9.884503919380223103e-01,9.846526452302206689e-01,9.843522679890607252e-01,9.853709383065488714e-01,9.842777013251592377e-01,9.869998980744806305e-01,9.870276212135452587e-01,9.911100105642750568e-01,9.874864853357026018e-01,9.891686647767597984e-01,9.901106198269172820e-01,9.889471006629629857e-01,9.869970250713383519e-01,9.899353128225060194e-01,9.889696890736163759e-01,9.903296341442189288e-01,9.890851116862443559e-01,9.897178331735940748e-01,9.879889024867276603e-01,9.899416217581855637e-01,9.877213782965282851e-01,9.889735031744962823e-01,9.843214679096433661e-01,9.905450718642850871e-01,9.826889805517516896e-01,9.899761345262736434e-01,9.868965709274637454e-01,9.887869678960954367e-01,9.896528748651298724e-01,9.903987282000674686e-01,9.889379389266746978e-01,9.805146015769570234e-01,9.920310359766285613e-01,9.873946063751752877e-01,9.843214144978541524e-01,9.869547314511685210e-01,9.848554106822965393e-01,9.828890721801709640e-01,9.858065020143645940e-01,9.873835038443863343e-01,9.883516788620598792e-01,9.863858736521757820e-01,9.866983872232146791e-01,9.866796267933052311e-01,9.885586513955281207e-01,9.864401531704246606e-01,9.860792312599033771e-01,9.823876175934420640e-01,9.881797002625020143e-01,9.862679347118319395e-01,9.898807259183413088e-01,9.907952044083184751e-01,9.912020648731061367e-01,9.897311689994678918e-01,9.901945969051474394e-01,9.885745562039884859e-01,9.891182665639919325e-01
9.886288566547478673e-01,9.866807157647597970e-01,9.914385714645762571e-01,9.910643775040285375e-01,0.000000000000000000e+00,9.913814968556371454e-01,9.925851320180726356e-01,9.898723994199519760e-01,9.893604258630940285e-01,9.837000132157808219e-01,9.908241341581313089e-01,9.788867117242843197e-01,9.768127397003564250e-01,9.903779418004731161e-01,9.876982212783341764e-01,9.857902474247454139e-01,9.852197310356676230e-01,9.857424696546095433e-01,9.847240766321192496e-01,9.889859749943717970e-01,9.900306052356029340e-01,9.928053500468575487e-01,9.889288301003694714e-01,9.905726545353555901e-01,9.914746140841466104e-01,9.899976169658171177e-01,9.885340154864256101e-01,9.895911486525663658e-01,9.883464685664314908e-01,9.898912123603204050e-01,9.895789886044152883e-01,9.898837571170092664e-01,9.879558597387908536e-01,9.921283831264060549e-01,9.881192288286922976e-01,9.890895106140882298e-01,9.864265363839090917e-01,9.892905698567825423e-01,9.837646986219358292e-01,9.903741822198937061e-01,9.867805589460183491e-01,9.904885804050812537e-01,9.912987024395842894e-01,9.890591964618162812e-01,9.906747265794406676e-01,9.809561803196636953e-01,9.914318742884851154e-01,9.876411085621702446e-01,9.854920676734014728e-01,9.876798485635071012e-01,9.875613150669863005e-01,9.829335715358151759e-01,9.858495997562141122e-01,9.873622084125288634e-01,9.897653560716511700e-01,9.891836057627654277e-01,9.877625369109408471e-01,9.896611797621923667e-01,9.901477659092678962e-01,9.863231183052366680e-01,9.859313657718893342e-01,9.823008419358730814e-01,9.856368250310035828e-01,9.901181781878433119e-01,9.917229660043023198e-01,9.913167752965604818e-01,9.907338983311290148e-01,9.902766352610397060e-01,9.902590673037933167e-01,9.890874995663602176e-01,9.898967462954523233e-01
9.865538258345903921e-01,9.871683394988093330e-01,9.897705639633078700e-01,9.912653968952548356e-01,9.913814968556371454e-01,0.000000000000000000e+00,9.906829580702453120e-01,9.903215684339026215e-01,9.897291985269551784e-01,9.841452407813667813e-01,9.908046140594473083e-01,9.802423792425019045e-01,9.766465855876298452e-01,9.910815931939633838e-01,9.892100220179411707e-01,9.865432434185712474e-01,9.858260899892897777e-01,9.866289861926966775e-01,9.843727603766353473e-01,9.885916351551268244e-01,9.895802084950660049e-01,9.914429855121158486e-01,9.893510746226191754e-01,9.898581995654918142e-01,9.917970204391312050e-01,9.914822396783100622e-01,9.898963537660301348e-01,9.902680401628282114e-01,9.887708938556354354e-01,9.900824431365807810e-01,9.899760801475784300e-01,9.878932664223548654e-01,9.891882387869636029e-01,9.905190313937382030e-01,9.895434058749743578e-01,9.884320421628711717e-01,9.874920009142152955e-01,9.889862402938530694e-01,9.853250192528668627e-01,9.897838875487349197e-01,9.892190922463275360e-01,9.902913328890191602e-01,9.920550978352878913e-01,9.911070824339442975e-01,9.903573521264534829e-01,9.817148093766725481e-01,9.924122129219414834e-01,9.881677798719941119e-01,9.854459297457659472e-01,9.858349709705918062e-01,9.881307251787311285e-01,9.852493741316130649e-01,9.869106186837754979e-01,9.886798119049580169e-01,9.892284741037018492e-01,9.898551007716938077e-01,9.893434670318707047e-01,9.887204389212090883e-01,9.890988287851216754e-01,9.875288245960174294e-01,9.860677018588042131e-01,9.845863545601901690e-01,9.865203441247414329e-01,9.896523078578562949e-01,9.918447940654481210e-01,9.922900636453164669e-01,9.906449585112514500e-01,9.902005237064203103e-01,9.900471188621283725e-01,9.880337284870456260e-01,9.896981751961704266e-01
9.898251971136293736e-01,9.883290003420260872e-01,9.897797488018821310e-01,9.893225996553755008e-01,9.925851320180726356e-01,9.906829580702453120e-01,0.000000000000000000e+00,9.912170718138090253e-01,9.891969407102721989e-01,9.788683098220585244e-01,9.903983128173711181e-01,9.751863299550638242e-01,9.710947210963285503e-01,9.898571480104587650e-01,9.898081492120024416e-01,9.883977922092727075e-01,9.876971528229027131e-01,9.868840593708479991e-01,9.868126609781446845e-01,9.905342052256203011e-01,9.907304626370776468e-01,9.912170424684465520e-01,9.899990989795998120e-01,9.899275247658804178e-01,9.911381139689456887e-01,9.900791948407549059e-01,9.899855392651016883e-01,9.901597011009838356e-01,9.900607524639104540e-01,9.899385755958749478e-01,9.908950963709655113e-01,9.917622916465461680e-01,9.894213356594048214e-01,9.906987748316173903e-01,9.900465477175072193e-01,9.910785683258036549e-01,9.888005957257365308e-01,9.896839786303822661e-01,9.878726252791996121e-01,9.906524279898279994e-01,9.887616478997204306e-01,9.901451667838432336e-01,9.907467101735466519e-01,9.904707245082047251e-01,9.879572315714236774e-01,9.757316838903625777e-01,9.908256448979476660e-01,9.888304068763580368e-01,9.867151299066775350e-01,9.892636397511136437e-01,9.889030233321943753e-01,9.868065601315366697e-01,9.887873604681819417e-01,9.895861341777341114e-01,9.903754686109188521e-01,9.901916116011724167e-01,9.890388806438427105e-01,9.911271782428185961e-01,9.922493010956684456e-01,9.887096475051639910e-01,9.870664832697638724e-01,9.854190136123297528e-01,9.864423442271321729e-01,9.898526373070087869e-01,9.926038326776772669e-01,9.912343135907996095e-01,9.900702924772316615e-01,9.905606040552213942e-01,9.906251491474115101e-01,9.897540785491638626e-01,9.911366774998320306e-01
9.906511875465382477e-01,9.899016623929938197e-01,9.876784110808090045e-01,9.892218193759968470e-01,9.898723994199519760e-01,9.903215684339026215e-01,9.912170718138090253e-01,0.000000000000000000e+00,9.882095000128543472e-01,9.772952088546286165e-01,9.909083838325954963e-01,9.719548495866342508e-01,9.685836051048603013e-01,9.900032926082735774e-01,9.902207151207841340e-01,9.904509390333187113e-01,9.895180128568429323e-01,9.894521286672908200e-01,9.883543370869657396e-01,9.907408310133145601e-01,9.912881219098108598e-01,9.889241695801124221e-01,9.909340585798063206e-01,9.908422280752460232e-01,9.912844635524874493e-01,9.902321555823931920e-01,9.893332308758071569e-01,9.908975675052164034e-01,9.906054383773839067e-01,9.896834130266254359e-01,9.900828459540297333e-01,9.907377701766443279e-01,9.907613593664335028e-01,9.907683266941766931e-01,9.889261755099774120e-01,9.895164930100505130e-01,9.898263462167448123e-01,9.903099435052796773e-01,9.893802312376260844e-01,9.895100057798079662e-01,9.893349675243122698e-01,9.895910904896300098e-01,9.883613540826922117e-01,9.898970164543882122e-01,9.873861217183511618e-01,9.730312679253940722e-01,9.885331240835701916e-01,9.898591103281145775e-01,9.893062611341073564e-01,9.893066377146799706e-01,9.904388409835569451e-01,9.879735123824339160e-01,9.907310594145412042e-01,9.884510367447230106e-01,9.900614949823630662e-01,9.903148068883943500e-01,9.890570496736094119e-01,9.896612178476256183e-01,9.919935571616479431e-01,9.904006815134452912e-01,9.881961563859893438e-01,9.875814595488616732e-01,9.889350602462466666e-01,9.901565019161286951e-01,9.921112540261478596e-01,9.915284787768076091e-01,9.903122829623601797e-01,9.910499444919371737e-01,9.905892982026085480e-01,9.883154051313494115e-01,9.886272717748377792e-01
9.871446790156620521e-01,9.875966008674665897e-01,9.882169435647585320e-01,9.891491673543484353e-01,9.893604258630940285e-01,9.897291985269551784e-01,9.891969407102721989e-01,9.882095000128543472e-01,0.000000000000000000e+00,9.810064457121879800e-01,9.891595613686405830e-01,9.720830653828290702e-01,9.704620359762995419e-01,9.885206106822276295e-01,9.896984320293349402e-01,9.877745343938063582e-01,9.870266870076502830e-01,9.859378797080572410e-01,9.852824670493860459e-01,9.880244290773018134e-01,9.894022530000576854e-01,9.908859656657642567e-01,9.868673374641450113e-01,9.872424873873989482e-01,9.900700173829091177e-01,9.886156781460132548e-01,9.879326283293142774e-01,9.882759296062023635e-01,9.889554737421858421e-01,9.899783105341782852e-01,9.881143086513527463e-01,9.894487304632882951e-01,9.865752415092020611e-01,9.882070619019475144e-01,9.878685999126508577e-01,9.914385181454825613e-01,9.870067677159460873e-01,9.886868814007111483e-01,9.854622684785276920e-01,9.890647804194929726e-01,9.863996280871311084e-01,9.889091616140657237e-01,9.899148993378557027e-01,9.882793279005029907e-01,9.878873438012428787e-01,9.767218994665904930e-01,9.897623887890230066e-01,9.864928169598794483e-01,9.853657756599788486e-01,9.872578738926801600e-01,9.863205230479128449e-01,9.836288512180149102e-01,9.863502308901789251e-01,9.862001809203344571e-01,9.883502337995083709e-01,9.886448555697578966e-01,9.894546856706665228e-01,9.882925044486454702e-01,9.873165856806820351e-01,9.884818544966975651e-01,9.845267782370759058e-01,9.850353181830883154e-01,9.858280751202181946e-01,9.886842131266783129e-01,9.884287038838832640e-01,9.894287623729850489e-01,9.891728173075229336e-01,9.886341171039121356e-01,9.900329904704974204e-01,9.899883591099405411e-01,9.906879631720072465e-01
9.732283642326465811e-01,9.754480043362577790e-01,9.797907337183868748e-01,9.830413873717523954e-01,9.837000132157808219e-01,9.841452407813667813e-01,9.788683098220585244e-01,9.772952088546286165e-01,9.810064457121879800e-01,0.000000000000000000e+00,9.812131717803186381e-01,9.730251971798109523e-01,9.726523861327531773e-01,9.823988144124246036e-01,9.760891947809100522e-01,9.724230049455963032e-01,9.698107353700043953e-01,9.722012914439255304e-01,9.733810583968811603e-01,9.755742362233620346e-01,9.776320429163183334e-01,9.852081347348703444e-01,9.750626078639346161e-01,9.792908659247353542e-01,9.809341645808441479e-01,9.807864756501493142e-01,9.760995792959424877e-01,9.798951036859585573e-01,9.748536249288378697e-01,9.775311536536234192e-01,9.779888391463038566e-01,9.783154824237417779e-01,9.772982406181551784e-01,9.808131558108215131e-01,9.809300716063678038e-01,9.789006456135381784e-01,9.739023441897768363e-01,9.784372590421234195e-01,9.698182549911555927e-01,9.783522963091757507e-01,9.736163201153484881e-01,9.812137565526478644e-01,9.848149215989432381e-01,9.819358278164931342e-01,9.857739404384346926e-01,9.774700298188401248e-01,9.845919473110128495e-01,9.770919900744652331e-01,9.742563253211879992e-01,9.741587394002210187e-01,9.749639731377174323e-01,9.714839777506384388e-01,9.731772565178874457e-01,9.775927357993278166e-01,9.765412329650521306e-01,9.783754728590233762e-01,9.789117262149058529e-01,9.770433417606492199e-01,9.757537614698288397e-01,9.728283328269715646e-01,9.754177186074743933e-01,9.687557601458020029e-01,9.743905907272673028e-01,9.771904334762340216e-01,9.797272502408621575e-01,9.808715191180781279e-01,9.814657770731655129e-01,9.768222283099471381e-01,9.787198053397552222e-01,9.776946440882245959e-01,9.788128799458069018e-01
9.889351193471170864e-01,9.884142272334361934e-01,9.899091378402428143e-01,9.910093921452862720e-01,9.908241341581313089e-01,9.908046140594473083e-01,9.903983128173711181e-01,9.909083838325954963e-01,9.891595613686405830e-01,9.812131717803186381e-01,0.000000000000000000e+00,9.797389388254674758e-01,9.759197344896078929e-01,9.916164626463893628e-01,9.893812319934089938e-01,9.867843269233547154e-01,9.857095113289721100e-01,9.870547585544682256e-01,9.854109257122378729e-01,9.889155892698144878e-01,9.883218593161242627e-01,9.907070887277680260e-01,9.898676546908087293e-01,9.888502890549936142e-01,9.913876126871287164e-01,9.902730863179576293e-01,9.880271638809804413e-01,9.913869433617084059e-01,9.898144592068233161e-01,9.889970181303490149e-01,9.891653129510568077e-01,9.897551901608254710e-01,9.904857589844350274e-01,9.914307798888277734e-01,9.875572263206677803e-01,9.887434055800512489e-01,9.873933993928738495e-01,9.893714563460621614e-01,9.847038207442193603e-01,9.907957681915567916e-01,9.875633080712039602e-01,9.907287183063619995e-01,9.906769131064676603e-01,9.906735001521818074e-01,9.891437576349710881e-01,9.791220212366712472e-01,9.910744248504684828e-01,9.874500501613678871e-01,9.830156808442979122e-01,9.861292938753598580e-01,9.865409808075952247e-01,9.837825701914175713e-01,9.871955105527221441e-01,9.890617245755167763e-01,9.883976136722264494e-01,9.887215866595902014e-01,9.887630635237208976e-01,9.893887476676849202e-01,9.903061574405528367e-01,9.887347279583783566e-01,9.865799085179294270e-01,9.865716038608097760e-01,9.865508681843950800e-01,9.882812984235412879e-01,9.909998751304140985e-01,9.919703226039082722e-01,9.901720640880666835e-01,9.910979166952170738e-01,9.889447722651731887e-01,9.877733543409740191e-01,9.889919030797104105e-01
9.647467285497575151e-01,9.649810773586730006e-01,9.733157623021631011e-01,9.781964566611488499e-01,9.788867117242843197e-01,9.802423792425019045e-01,9.751863299550638242e-01,9.719548495866342508e-01,9.720830653828290702e-01,9.730251971798109523e-01,9.797389388254674758e-01,0.000000000000000000e+00,9.857631046297211652e-01,9.785621335385793484e-01,9.682475814948144910e-01,9.633956930310731970e-01,9.620067585234270968e-01,9.644319005346058127e-01,9.591249298671128409e-01,9.682077806090350069e-01,9.671448607846764300e-01,9.786384625998664211e-01,9.712133242379235032e-01,9.725191745578272151e-01,9.769834796638443564e-01,9.766283295846821533e-01,9.692297924501764861e-01,9.746715365234551731e-01,9.704720705972529338e-01,9.736703407190878679e-01,9.706644215625821470e-01,9.710745647692213822e-01,9.718048605684538321e-01,9.781495185074369214e-01,9.733308850933656275e-01,9.677711912129810523e-01,9.638259140261457025e-01,9.712400130605876036e-01,9.624437878370013522e-01,9.752902359628239370e-01,9.679124519983451913e-01,9.712168012806159378e-01,9.770122803121340516e-01,9.791999911457874850e-01,9.768932947455976068e-01,9.869669383743061575e-01,9.809556605470622914e-01,9.673317953228180999e-01,9.606075262928265301e-01,9.617194844988071756e-01,9.692563913187628444e-01,9.609056794123080891e-01,9.649246809577944894e-01,9.719892085583226038e-01,9.686019499869578109e-01,9.706225522716436238e-01,9.655438997379571786e-01,9.753114116824940227e-01,9.731743164320781903e-01,9.663628123852721075e-01,9.660437083171551365e-01,9.610911800627087720e-01,9.655138352784832234e-01,9.711976467375024180e-01,9.766377615139676394e-01,9.766790201269397453e-01,9.755965792096027434e-01,9.729920500153143026e-01,9.706420408560809676e-01,9.675805995437751772e-01,9.729541991779023791e-01
9.591850872265266226e-01,9.617568629496310306e-01,9.673032249594498699e-01,9.788983158205952773e-01,9.768127397003564250e-01,9.766465855876298452e-01,9.710947210963285503e-01,9.685836051048603013e-01,9.704620359762995419e-01,9.726523861327531773e-01,9.759197344896078929e-01,9.857631046297211652e-01,0.000000000000000000e+00,9.774506339110832220e-01,9.650800689405263366e-01,9.598081793581383359e-01,9.602116256192579913e-01,9.627957258234097759e-01,9.555162117916328191e-01,9.655006062015273338e-01,9.646561603846337540e-01,9.777048318615374489e-01,9.660897467081460688e-01,9.707521138407911865e-01,9.739502443351626404e-01,9.725965547130004385e-01,9.661466523256450056e-01,9.736242168699533739e-01,9.669424926964897971e-01,9.733482267807010979e-01,9.666407019549141388e-01,9.689710196948360110e-01,9.673654287809111407e-01,9.739168814538486929e-01,9.710730497156302432e-01,9.663610786023688615e-01,9.586772844030041485e-01,9.696702402859190828e-01,9.549813372439089898e-01,9.710157054649154462e-01,9.628083142877595924e-01,9.663059942256508883e-01,9.751333288264413257e-01,9.745913605630954768e-01,9.749768178251880801e-01,9.862105057476646675e-01,9.793565729894845306e-01,9.639733014368569997e-01,9.597550606215339286e-01,9.600476000077547978e-01,9.639906138029752380e-01,9.558973789078905048e-01,9.611877550562958339e-01,9.668176425617990288e-01,9.650487888307176521e-01,9.656220251419362910e-01,9.628745932376074901e-01,9.718788635520472230e-01,9.700714033365213096e-01,9.617163832682283919e-01,9.624910410169036368e-01,9.539751956309480141e-01,9.649514574976161274e-01,9.668664375756771401e-01,9.743398550741387831e-01,9.743825697203027936e-01,9.755834058680218357e-01,9.684081527981760473e-01,9.673041692726184193e-01,9.653140665997332892e-01,9.707262990490694854e-01
9.866799314143616106e-01,9.890267884982344437e-01,9.873344281548148693e-01,9.913566284906454307e-01,9.903779418004731161e-01,9.910815931939633838e-01,9.898571480104587650e-01,9.900032926082735774e-01,9.885206106822276295e-01,9.823988144124246036e-01,9.916164626463893628e-01,9.785621335385793484e-01,9.774506339110832220e-01,0.000000000000000000e+00,9.901589539309889609e-01,9.862651108020064061e-01,9.851265588999410516e-01,9.868187637881649099e-01,9.842156000710062802e-01,9.898961830498509418e-01,9.877417619244865943e-01,9.907026378079840656e-01,9.892722539707938800e-01,9.883449192774420577e-01,9.908572414433587383e-01,9.885595243036843227e-01,9.864986354954962122e-01,9.913769194299927312e-01,9.892179521256920793e-01,9.885160969230458727e-01,9.885766120050580863e-01,9.895522181162347275e-01,9.898553523459836523e-01,9.881899553561515059e-01,9.885560876781257500e-01,9.894101675090144488e-01,9.866629176979260230e-01,9.888526304651120702e-01,9.853643923858712572e-01,9.885416780929938696e-01,9.875646601852681172e-01,9.884305570991168688e-01,9.893876225928496249e-01,9.910255433805424952e-01,9.895226937691693481e-01,9.787556025595420817e-01,9.907559831424019858e-01,9.862985321463155763e-01,9.844034101363959843e-01,9.873145696850827990e-01,9.870161971342414908e-01,9.859112171188872953e-01,9.871836809461931317e-01,9.896827134809483839e-01,9.868098073381336155e-01,9.877267245062344436e-01,9.889604278867800691e-01,9.890280405690919929e-01,9.896300495376173512e-01,9.876994588697232125e-01,9.847581212748203194e-01,9.848308014075347616e-01,9.868165900540660784e-01,9.871275396513987666e-01,9.909976763234927821e-01,9.915722890344016438e-01,9.910997934345312510e-01,9.903407154634596976e-01,9.901227947947949248e-01,9.875789049307693857e-01,9.894614878543823711e-01
9.897337859094064161e-01,9.912522115548544344e-01,9.879343968212056515e-01,9.884503919380223103e-01,9.876982212783341764e-01,9.892100220179411707e-01,9.898081492120024416e-01,9.902207151207841340e-01,9.896984320293349402e-01,9.760891947809100522e-01,9.893812319934089938e-01,9.682475814948144910e-01,9.650800689405263366e-01,9.901589539309889609e-01,0.000000000000000000e+00,9.896277367281242077e-01,9.892486650866283426e-01,9.874567122320928592e-01,9.876965951764699048e-01,9.910919647787287401e-01,9.903748398562589594e-01,9.890030677945418347e-01,9.903617173038912203e-01,9.894172237304452722e-01,9.921664820430610154e-01,9.890769630118894096e-01,9.885868319746563548e-01,9.892216794835972937e-01,9.913991131508771426e-01,9.897567243283363903e-01,9.905327194381092770e-01,9.904626909068776630e-01,9.886294618307227555e-01,9.883010453076468416e-01,9.882895909476280272e-01,9.916858039101821287e-01,9.899104417959756486e-01,9.894633679296794826e-01,9.881452928362252086e-01,9.889452337735371579e-01,9.900241458034880759e-01,9.897406747898279677e-01,9.887175162082471047e-01,9.883733535941555681e-01,9.876854004055456437e-01,9.699892017876408090e-01,9.886247488633254088e-01,9.874566263391119092e-01,9.876328130954824536e-01,9.901852453552565381e-01,9.886415652204079141e-01,9.881630346315735114e-01,9.898201176642503762e-01,9.893243544129010081e-01,9.903084237403816381e-01,9.888474641458117054e-01,9.915550525253449266e-01,9.897638322601416405e-01,9.899733893315764144e-01,9.899576592221631666e-01,9.891145148229457673e-01,9.887813654177366463e-01,9.876748349246770031e-01,9.893267646958606720e-01,9.905682510128477336e-01,9.908068320452861899e-01,9.906387962429950012e-01,9.912750249122814772e-01,9.912110688821077487e-01,9.907859890908249367e-01,9.884317201357050164e-01
9.889843977901038308e-01,9.893348770391399150e-01,9.851129231902259198e-01,9.846526452302206689e-01,9.857902474247454139e-01,9.865432434185712474e-01,9.883977922092727075e-01,9.904509390333187113e-01,9.877745343938063582e-01,9.724230049455963032e-01,9.867843269233547154e-01,9.633956930310731970e-01,9.598081793581383359e-01,9.862651108020064061e-01,9.896277367281242077e-01,0.000000000000000000e+00,9.896732856960477331e-01,9.899505368737198108e-01,9.891145949012912775e-01,9.908524667051488155e-01,9.897394989467260817e-01,9.846638910358519459e-01,9.901887966725464452e-01,9.876934781316092371e-01,9.891440156135694606e-01,9.867876419959228373e-01,9.869048699510696299e-01,9.879855851473957618e-01,9.897604727306167360e-01,9.886682904152380713e-01,9.875566892954149578e-01,9.866797347709249655e-01,9.878650049871716687e-01,9.867342012222656278e-01,9.861546669835346002e-01,9.901422862320561347e-01,9.907602905281049921e-01,9.900839957292152382e-01,9.891794071034750724e-01,9.885783230655292853e-01,9.874261436752292953e-01,9.886912092652501149e-01,9.852000001155409858e-01,9.860116579005723247e-01,9.838600875407425006e-01,9.650590781498054049e-01,9.856155553619740939e-01,9.882686385438368415e-01,9.884605349951595121e-01,9.894368394074125606e-01,9.891339536887624462e-01,9.886465137661675229e-01,9.905437965755301555e-01,9.872366032644126488e-01,9.876951558836550848e-01,9.893968869988484238e-01,9.884147660760482790e-01,9.886294869690566145e-01,9.903649243321805962e-01,9.908267999334522402e-01,9.859878076769291733e-01,9.890313640079891888e-01,9.878420283796957024e-01,9.892965714143995282e-01,9.891631723654829011e-01,9.899731898379424688e-01,9.881608512693484947e-01,9.888148960778634367e-01,9.889277255906722131e-01,9.880435357963917031e-01,9.884029055969744126e-01
9.886027858137050872e-01,9.880061486874021082e-01,9.837740443238970345e-01,9.843522679890607252e-01,9.852197310356676230e-01,9.858260899892897777e-01,9.876971528229027131e-01,9.895180128568429323e-01,9.870266870076502830e-01,9.698107353700043953e-01,9.857095113289721100e-01,9.620067585234270968e-01,9.602116256192579913e-01,9.851265588999410516e-01,9.892486650866283426e-01,9.896732856960477331e-01,0.000000000000000000e+00,9.915741195972638256e-01,9.882840607616817374e-01,9.892109797001715776e-01,9.895396796011647345e-01,9.852030719276697601e-01,9.880625520013535112e-01,9.881390905397118285e-01,9.880241148429793618e-01,9.873157469961117982e-01,9.874302102035384943e-01,9.887759167044243291e-01,9.914595564345937140e-01,9.894571510279719373e-01,9.887212678701161606e-01,9.880571589041056146e-01,9.866395873002905548e-01,9.860889204153482357e-01,9.852854673790039097e-01,9.888224400671680181e-01,9.891981467220628543e-01,9.896175328855878472e-01,9.887532172056922031e-01,9.871171780112928396e-01,9.886186241300568556e-01,9.874639554555447729e-01,9.856923617952066952e-01,9.848553658897222229e-01,9.828879454253742765e-01,9.649009589218200400e-01,9.846289237822968277e-01,9.871970004569935453e-01,9.884709542523685277e-01,9.892966472747403150e-01,9.880500994386879343e-01,9.894444628310464784e-01,9.894312582996982464e-01,9.866084111690880398e-01,9.897295857987334911e-01,9.883924560595302999e-01,9.887010395754572967e-01,9.885598698915919469e-01,9.891125605333697113e-01,9.904727262920550723e-01,9.860998542376187004e-01,9.883677225570748348e-01,9.881315817433030668e-01,9.888068504251918966e-01,9.885312854451229203e-01,9.884912032535126958e-01,9.876540206243251685e-01,9.896322474762069277e-01,9.894020208558047536e-01,9.868233543760394078e-01,9.886209597353426970e-01
9.871506805554132180e-01,9.876610553995678332e-01,9.839890494317019565e-01,9.853709383065488714e-01,9.857424696546095433e-01,9.866289861926966775e-01,9.868840593708479991e-01,9.894521286672908200e-01,9.859378797080572410e-01,9.722012914439255304e-01,9.870547585544682256e-01,9.644319005346058127e-01,9.627957258234097759e-01,9.868187637881649099e-01,9.874567122320928592e-01,9.899505368737198108e-01,9.915741195972638256e-01,0.000000000000000000e+00,9.886863094726782153e-01,9.902799992315635125e-01,9.884894075982275652e-01,9.842527756458540056e-01,9.883657232643976442e-01,9.879360632455033153e-01,9.866883114683311362e-01,9.861528507826844425e-01,9.866229596198594631e-01,9.889994710563075886e-01,9.903637202893703639e-01,9.885880854343261914e-01,9.891267864302398793e-01,9.863469308737523589e-01,9.879986427431309837e-01,9.865824193586375523e-01,9.835411264022653199e-01,9.886137048938676841e-01,9.896069511916830708e-01,9.901568927930980424e-01,9.885380943432355849e-01,9.862943419420522329e-01,9.882226055616009086e-01,9.878421840196672798e-01,9.841756807712073174e-01,9.848712550318663439e-01,9.839196748108801627e-01,9.643743131488750064e-01,9.842632812729309455e-01,9.883369689298286964e-01,9.877315080065903752e-01,9.891503309889644324e-01,9.871940734212250046e-01,9.884695355398035455e-01,9.883888627086685474e-01,9.876341568525743853e-01,9.889648965452668694e-01,9.869578444839186560e-01,9.876173986605102373e-01,9.870383968284058840e-01,9.894322254793005422e-01,9.911839271749774971e-01,9.859521111238004343e-01,9.878449252844896389e-01,9.880551715719179118e-01,9.880575183124042926e-01,9.879435832874056134e-01,9.888303288639467281e-01,9.878596209448504695e-01,9.896715246937985988e-01,9.886550894051963079e-01,9.858180753050794776e-01,9.871873177139265376e-01
9.898249100481429918e-01,9.889166768455018852e-01,9.870169658948994007e-01,9.842777013251592377e-01,9.847240766321192496e-01,9.843727603766353473e-01,9.868126609781446845e-01,9.883543370869657396e-01,9.852824670493860459e-01,9.733810583968811603e-01,9.854109257122378729e-01,9.591249298671128409e-01,9.555162117916328191e-01,9.842156000710062802e-01,9.876965951764699048e-01,9.891145949012912775e-01,9.882840607616817374e-01,9.886863094726782153e-01,0.000000000000000000e+00,9.895897263780445430e-01,9.890027432475640978e-01,9.832424857129947737e-01,9.890958760824272167e-01,9.870507088832191078e-01,9.874264216792415505e-01,9.860506934350069530e-01,9.859422813568775590e-01,9.869160672753213293e-01,9.871240987750682372e-01,9.865356580762404404e-01,9.862190873563820848e-01,9.867440037834737110e-01,9.867456229341388108e-01,9.852667676552907539e-01,9.858094640742199877e-01,9.876735216408288887e-01,9.898375405219996814e-01,9.885473335664772820e-01,9.878032980314563893e-01,9.868142528931828084e-01,9.866208363777974055e-01,9.881618672515622981e-01,9.846914874852331634e-01,9.865038302137761894e-01,9.817613833421776626e-01,9.599853232072242948e-01,9.842639249342464147e-01,9.877367995840846682e-01,9.867207688265224874e-01,9.883080740308418655e-01,9.854574034312565400e-01,9.878676650767151957e-01,9.884740415288604254e-01,9.868733286476029098e-01,9.884211866483444409e-01,9.881232362802605529e-01,9.887184781508292497e-01,9.845639002964262643e-01,9.875697136574766999e-01,9.886703133879133354e-01,9.858587253018066265e-01,9.879502004635484225e-01,9.890373516658791386e-01,9.871247934097538979e-01,9.857444852074432884e-01,9.881307118862090455e-01,9.870216370694233632e-01,9.886632400138307686e-01,9.889559071142324242e-01,9.887425593143303049e-01,9.867782046954687303e-01
9.900383663142917623e-01,9.908102543213432867e-01,9.870737017118341727e-01,9.869998980744806305e-01,9.889859749943717970e-01,9.885916351551268244e-01,9.905342052256203011e-01,9.907408310133145601e-01,9.880244290773018134e-01,9.755742362233620346e-01,9.889155892698144878e-01,9.682077806090350069e-01,9.655006062015273338e-01,9.898961830498509418e-01,9.910919647787287401e-01,9.908524667051488155e-01,9.892109797001715776e-01,9.902799992315635125e-01,9.895897263780445430e-01,0.000000000000000000e+00,9.898897210405381841e-01,9.883835090971951898e-01,9.918592211216709087e-01,9.887006310208854565e-01,9.911134860275460090e-01,9.890404780433063037e-01,9.877883466989010319e-01,9.903462168953837130e-01,9.904821238261301009e-01,9.897436617943199400e-01,9.893535955209525889e-01,9.897907961978622549e-01,9.892577242090563328e-01,9.896511682389107500e-01,9.882065257446029927e-01,9.900697401584249713e-01,9.898841386293814049e-01,9.901574365218908103e-01,9.898720469141841782e-01,9.884864078817776623e-01,9.888962196013953987e-01,9.907643965246895057e-01,9.872482536037150425e-01,9.882577809153830772e-01,9.882160437472605752e-01,9.699242531532589195e-01,9.883260633730128752e-01,9.893414040672168230e-01,9.883968916508047986e-01,9.906318902894428735e-01,9.897530765784351425e-01,9.886034581999449955e-01,9.898604119959543146e-01,9.900734392732537525e-01,9.894079032033153975e-01,9.899571975692692538e-01,9.915831922961467759e-01,9.901519651766593766e-01,9.911379952756698142e-01,9.902243225718143638e-01,9.884132827998883819e-01,9.886972600116604726e-01,9.880531166459841641e-01,9.908780648047441630e-01,9.908747490509101086e-01,9.920037028049027983e-01,9.899984182721006665e-01,9.922191605676725645e-01,9.897080802070582495e-01,9.901904042817900597e-01,9.886192278382122112e-01
9.905496557096991062e-01,9.891789002229184335e-01,9.891735750445996844e-01,9.870276212135452587e-01,9.900306052356029340e-01,9.895802084950660049e-01,9.907304626370776468e-01,9.912881219098108598e-01,9.894022530000576854e-01,9.776320429163183334e-01,9.883218593161242627e-01,9.671448607846764300e-01,9.646561603846337540e-01,9.877417619244865943e-01,9.903748398562589594e-01,9.897394989467260817e-01,9.895396796011647345e-01,9.884894075982275652e-01,9.890027432475640978e-01,9.898897210405381841e-01,0.000000000000000000e+00,9.883956918428311589e-01,9.903939107101383810e-01,9.916292531238545260e-01,9.904724295795357403e-01,9.887735342765920921e-01,9.882839515286948595e-01,9.884992612084723129e-01,9.887948648928456263e-01,9.887054748870990339e-01,9.897421781678920061e-01,9.902067044336303470e-01,9.879356118558094701e-01,9.886786742263391492e-01,9.885167082946688666e-01,9.899691704738424747e-01,9.897888741090548059e-01,9.886241439323922853e-01,9.866358232220824309e-01,9.880096108979475877e-01,9.892700449692858333e-01,9.897610183052026889e-01,9.892200059930328360e-01,9.876222620693890786e-01,9.871160471510918022e-01,9.689345568071040526e-01,9.869813171519947748e-01,9.883609740538894517e-01,9.876251467657649608e-01,9.893563925306048112e-01,9.882513583844261262e-01,9.870693397329870500e-01,9.892797288974665149e-01,9.868186470972912794e-01,9.904908960344036561e-01,9.904332258479985329e-01,9.893576391952302318e-01,9.896808460652593009e-01,9.905365745150500612e-01,9.898032382388078920e-01,9.859915275544048896e-01,9.874848139123864055e-01,9.853480710729428660e-01,9.900307771238024968e-01,9.906069566927262482e-01,9.898461458734660878e-01,9.895831652038848958e-01,9.905878179216525137e-01,9.909486321897551520e-01,9.887132041267779892e-01,9.898383750188268770e-01
9.873480868466508742e-01,9.873040116823859069e-01,9.888260444115039016e-01,9.911100105642750568e-01,9.928053500468575487e-01,9.914429855121158486e-01,9.912170424684465520e-01,9.889241695801124221e-01,9.908859656657642567e-01,9.852081347348703444e-01,9.907070887277680260e-01,9.786384625998664211e-01,9.777048318615374489e-01,9.907026378079840656e-01,9.890030677945418347e-01,9.846638910358519459e-01,9.852030719276697601e-01,9.842527756458540056e-01,9.832424857129947737e-01,9.883835090971951898e-01,9.883956918428311589e-01,0.000000000000000000e+00,9.864010012684915063e-01,9.889656901439221048e-01,9.921378317739050212e-01,9.911853817981978176e-01,9.886579013826911622e-01,9.895436613588194374e-01,9.888886073453220238e-01,9.904251415878081444e-01,9.889210133100876376e-01,9.910014335890747761e-01,9.883356656621716807e-01,9.914478303876983478e-01,9.902662134292476992e-01,9.900608752993323991e-01,9.858669082887387969e-01,9.888611189038917226e-01,9.847496617563118448e-01,9.894220033780356527e-01,9.864558768267708277e-01,9.895010790659257705e-01,9.915019063767701590e-01,9.906487295709267560e-01,9.907830138206799031e-01,9.816653709253690963e-01,9.928396154782291871e-01,9.880816275851603825e-01,9.851750694003634790e-01,9.867702080631693962e-01,9.873644574269958563e-01,9.831085918527100453e-01,9.867226604017845792e-01,9.884887878089739788e-01,9.889982281094091832e-01,9.886302199850065531e-01,9.886616065907576356e-01,9.902234219182552977e-01,9.897774071904069659e-01,9.856711629669817620e-01,9.862558250407205129e-01,9.815319172697204442e-01,9.855020462669579207e-01,9.899910255776602774e-01,9.914785361064799574e-01,9.914300552407264711e-01,9.901665374991759361e-01,9.897185116933936433e-01,9.890647821716382904e-01,9.878460899197515355e-01,9.907904433444879588e-01
