1,0.17257,0.37792,0.31002,0.075396,0.37297,0.42819,0.34881,0.20323,0.33495,0.23797,0.3282,0.18399,0.5342,0.15515,0.33402,0.47806,0.30525,0.48453,0.25367,0.42968,0.21805,0.42682,0.30714,0.089267,0.26277,0.45948,0.30832,0.6164,0.39627,0.17797,0.14136,0.30968,0.29443,0.55558,0.14137,0.24987,0.29955,0.075104,0.36368,0.31883,0.3198,0.16476,0.34882,0.17452,0.32746,0.14734,0.43381,0.15884,0.32315,0.23844,0.22534,0.32515,0.23058,0.42175,0.15829,0.39685,0.27011,0.059318,0.16902,0.3526,0.30869,0.5377,0.30965,0.13865,0.1364,0.28013,0.2906
0.17257,1,0.12253,0.3019,0.053686,0.23631,0.15763,0.20294,0.15034,0.25262,0.21057,0.30041,0.057152,0.11394,0.11436,0.27811,0.28888,0.028088,0.203,0.31159,0.30683,0.3502,0.37813,0.26414,0.17534,0.33738,0.33378,0.34938,0.27457,0.38849,0.0024285,0.020969,0.2956,0.40436,0.22274,0.36545,0.16144,0.29799,0.052274,0.23418,0.17955,0.20727,0.15109,0.2535,0.17836,0.30085,0.044598,0.1123,0.13232,0.29702,0.32373,-0.0029035,0.26539,0.30688,0.28861,0.31759,0.35702,0.27137,0.13879,0.29059,0.34056,0.34349,0.27077,0.40617,-0.019588,0.018993,0.28486,0.40211
0.37792,0.12253,1,0.16654,0.10133,0.30166,0.74842,0.43578,0.35066,0.27533,0.34305,0.25607,0.25394,0.60562,0.22552,0.20464,0.44301,0.47497,0.43229,0.25738,0.26761,0.30099,0.30585,0.48809,0.16594,0.60892,0.62291,0.28111,0.33184,0.41652,0.20679,0.10938,0.25263,0.2099,0.25332,0.11433,0.55154,0.17091,0.083866,0.278,0.55563,0.32634,0.28082,0.26645,0.25708,0.23879,0.20426,0.46829,0.19585,0.19308,0.20754,0.37841,0.26707,0.24513,0.26892,0.20822,0.23433,0.39039,0.10664,0.39905,0.44977,0.24003,0.28429,0.23685,0.18829,0.09006,0.23586,0.1865
0.31002,0.3019,0.16654,1,0.072393,0.49134,0.29858,0.27344,0.2431,0.51889,0.18263,0.77299,0.10829,0.20972,0.20711,0.43571,0.25303,0.053775,0.19873,0.73211,0.52015,0.32458,0.50613,0.43046,0.12182,0.28988,0.32271,0.63742,0.4197,0.38978,0.058852,0.055153,0.37457,0.40769,0.36564,0.28058,0.19379,0.84758,0.070061,0.5012,0.32369,0.30014,0.24978,0.53893,0.16091,0.7786,0.09586,0.21595,0.25132,0.44975,0.26598,0.039175,0.22592,0.69895,0.52082,0.29616,0.52943,0.45789,0.092976,0.27103,0.33305,0.63778,0.41174,0.44561,0.041136,0.05893,0.36474,0.42438
0.075396,0.053686,0.10133,0.072393,1,0.14443,0.12152,0.13583,0.08419,0.085984,0.092658,0.087146,0.075885,0.11695,0.10902,0.074336,0.075828,0.087237,0.081619,0.075569,0.093966,0.078212,0.098205,0.10266,0.04844,0.094588,0.11138,0.10151,0.10264,0.10318,0.040512,0.089627,0.078099,0.094534,0.07336,0.048391,0.074944,0.069872,0.049697,0.11235,0.10244,0.11108,0.07129,0.084544,0.065776,0.082516,0.060896,0.098373,0.073501,0.071395,0.051533,0.061646,0.065161,0.07505,0.087231,0.06533,0.083959,0.092877,0.034699,0.065578,0.087053,0.093274,0.091851,0.086709,0.037079,0.0439,0.075017,0.081585
0.37297,0.23631,0.30166,0.49134,0.14443,1,0.46525,0.50651,0.26096,0.59663,0.22872,0.58018,0.19826,0.36725,0.3344,0.3737,0.28415,0.19079,0.26744,0.45406,0.4372,0.28762,0.46528,0.40738,0.1252,0.30882,0.37099,0.60559,0.45809,0.41129,0.11093,0.12153,0.32709,0.36644,0.37786,0.21614,0.30683,0.49689,0.11972,0.68698,0.45295,0.46133,0.25903,0.59443,0.20681,0.56214,0.17807,0.35412,0.33157,0.37305,0.26064,0.14672,0.27657,0.4413,0.433,0.2475,0.46247,0.42633,0.099065,0.267,0.35356,0.59368,0.43318,0.41671,0.10322,0.11667,0.31058,0.36587
0.42819,0.15763,0.74842,0.29858,0.12152,0.46525,1,0.52578,0.48332,0.40692,0.33994,0.3989,0.30883,0.70779,0.31791,0.27824,0.36239,0.43628,0.3592,0.35623,0.33883,0.40171,0.33291,0.69824,0.21764,0.58245,0.6115,0.43975,0.40062,0.48669,0.23723,0.13302,0.30804,0.26287,0.32195,0.15036,0.57603,0.3042,0.11074,0.4296,0.75746,0.43472,0.42454,0.3945,0.28578,0.37631,0.28655,0.60467,0.29308,0.26281,0.20571,0.38982,0.27428,0.34219,0.33328,0.32387,0.2865,0.62362,0.17001,0.45278,0.51007,0.39696,0.35428,0.31809,0.23822,0.12185,0.28781,0.24748
0.34881,0.20294,0.43578,0.27344,0.13583,0.50651,0.52578,1,0.19364,0.37831,0.29038,0.3297,0.14765,0.46381,0.20872,0.27157,0.34721,0.33382,0.34867,0.27809,0.33517,0.29086,0.42797,0.29958,0.067443,0.44976,0.38884,0.53717,0.35587,0.54963,0.094043,0.12511,0.25308,0.32304,0.28009,0.17715,0.36486,0.27629,0.11702,0.44013,0.4369,0.5229,0.16892,0.36947,0.2319,0.31944,0.11193,0.35174,0.20509,0.27211,0.28996,0.23757,0.29719,0.26475,0.31899,0.22389,0.36563,0.27735,0.041177,0.3235,0.3099,0.4912,0.31307,0.4387,0.09034,0.08488,0.23044,0.29971
0.20323,0.15034,0.35066,0.2431,0.08419,0.26096,0.48332,0.19364,1,0.2696,0.20449,0.32234,0.31229,0.38053,0.27097,0.21346,0.12772,0.16431,0.12237,0.29451,0.25822,0.33387,0.19259,0.60283,0.2842,0.27432,0.4157,0.20473,0.27043,0.17633,0.17745,0.089684,0.25237,0.19661,0.19127,0.15082,0.26006,0.25094,0.076669,0.25146,0.41433,0.19003,0.43897,0.26626,0.17184,0.28595,0.29868,0.36255,0.23727,0.20404,0.039525,0.14696,0.10091,0.29076,0.2563,0.28955,0.19208,0.52833,0.23998,0.22166,0.36938,0.20462,0.25585,0.15089,0.17347,0.095465,0.24897,0.1913
0.33495,0.25262,0.27533,0.51889,0.085984,0.59663,0.40692,0.37831,0.2696,1,0.22696,0.56187,0.1644,0.30826,0.21182,0.34633,0.2711,0.16481,0.25848,0.55021,0.41965,0.31987,0.41931,0.38263,0.1546,0.32906,0.35367,0.55499,0.4075,0.35771,0.088736,0.073409,0.35109,0.35488,0.34251,0.24854,0.3054,0.53513,0.083439,0.56087,0.43071,0.39204,0.26265,0.89189,0.22877,0.54675,0.15467,0.32726,0.22939,0.34258,0.28179,0.1658,0.30207,0.54781,0.41908,0.30068,0.43138,0.40711,0.13601,0.33671,0.37608,0.56602,0.38626,0.39485,0.099688,0.070706,0.33679,0.36765
0.23797,0.21057,0.34305,0.18263,0.092658,0.22872,0.33994,0.29038,0.20449,0.22696,1,0.2218,0.2317,0.32819,0.14202,0.18283,0.36553,0.32927,0.38226,0.2364,0.21654,0.27937,0.2642,0.27594,0.18751,0.40586,0.40131,0.22876,0.27066,0.34438,0.11933,0.091568,0.23784,0.30872,0.20977,0.21063,0.24084,0.18262,0.074029,0.21224,0.25524,0.23332,0.16475,0.22006,0.27167,0.21585,0.12711,0.25325,0.13211,0.18873,0.2559,0.21767,0.31852,0.22963,0.21286,0.22729,0.22312,0.22927,0.14006,0.26806,0.33103,0.2113,0.23642,0.26303,0.088678,0.058456,0.2209,0.26266
0.3282,0.30041,0.25607,0.77299,0.087146,0.58018,0.3989,0.3297,0.32234,0.56187,0.2218,1,0.16078,0.28245,0.28913,0.43165,0.28047,0.1123,0.23494,0.76155,0.5113,0.34834,0.5009,0.49627,0.15684,0.33465,0.38726,0.64091,0.44186,0.41539,0.084456,0.072726,0.39935,0.4141,0.37619,0.28389,0.27248,0.76695,0.085246,0.56963,0.4135,0.34489,0.30769,0.57089,0.19887,0.81907,0.15102,0.28608,0.31526,0.44182,0.27394,0.10061,0.26006,0.72916,0.50922,0.31296,0.51339,0.51795,0.12202,0.30732,0.39064,0.63546,0.4301,0.45066,0.075794,0.080264,0.39013,0.42903
0.18399,0.057152,0.25394,0.10829,0.075885,0.19826,0.30883,0.14765,0.31229,0.1644,0.2317,0.16078,1,0.34456,0.1946,0.15173,0.092022,0.21954,0.13586,0.13772,0.19847,0.14521,0.13176,0.33693,0.29361,0.095649,0.35557,0.069547,0.2301,0.044116,0.22992,0.12071,0.15317,0.10448,0.14384,0.047409,0.098969,0.1128,0.067038,0.19351,0.20079,0.12732,0.25717,0.17325,0.11899,0.14868,0.34614,0.28155,0.17178,0.14089,-0.057062,0.11643,0.035578,0.12991,0.20551,0.089612,0.13605,0.26379,0.20176,-0.00063146,0.23273,0.073807,0.20856,0.016966,0.18055,0.12643,0.14426,0.091417
0.5342,0.11394,0.60562,0.20972,0.11695,0.36725,0.70779,0.46381,0.38053,0.30826,0.32819,0.28245,0.34456,1,0.23976,0.24901,0.40285,0.52637,0.46203,0.23765,0.33575,0.29224,0.30475,0.48784,0.20361,0.36873,0.61335,0.25625,0.46721,0.39835,0.31649,0.21303,0.2648,0.24059,0.35744,0.094791,0.35884,0.20796,0.10513,0.34586,0.50413,0.37361,0.30215,0.30774,0.23547,0.26739,0.295,0.63985,0.20769,0.23333,0.13011,0.41506,0.28611,0.21965,0.32168,0.20922,0.26342,0.39376,0.14921,0.21418,0.45486,0.24004,0.37568,0.23865,0.27313,0.17862,0.23994,0.21049
0.15515,0.11436,0.22552,0.20711,0.10902,0.3344,0.31791,0.20872,0.27097,0.21182,0.14202,0.28913,0.1946,0.23976,1,0.19213,0.11233,0.11409,0.10216,0.22833,0.21788,0.18495,0.2003,0.36288,0.15096,0.17732,0.25967,0.24127,0.22888,0.17129,0.087469,0.079291,0.18605,0.18009,0.16719,0.10884,0.20208,0.21238,0.070657,0.28878,0.29804,0.19639,0.25079,0.21069,0.12218,0.26293,0.18775,0.23297,0.26485,0.19013,0.075698,0.095816,0.10936,0.22044,0.21345,0.15716,0.19411,0.3483,0.12182,0.14506,0.23806,0.22953,0.21906,0.16137,0.092685,0.084039,0.1795,0.17097
0.33402,0.27811,0.20464,0.43571,0.074336,0.3737,0.27824,0.27157,0.21346,0.34633,0.18283,0.43165,0.15173,0.24901,0.19213,1,0.28226,0.10555,0.22242,0.35446,0.6566,0.34023,0.65019,0.35964,0.11488,0.26095,0.41552,0.49351,0.46822,0.44421,0.082642,0.070355,0.38955,0.44063,0.36396,0.24002,0.20722,0.4305,0.075739,0.38345,0.27891,0.28702,0.2087,0.36187,0.15594,0.44132,0.12882,0.24796,0.21713,0.65668,0.25251,0.076821,0.2285,0.33895,0.64756,0.27844,0.64421,0.3649,0.089569,0.22378,0.38836,0.49616,0.46076,0.48678,0.063194,0.07494,0.38335,0.45505
0.47806,0.28888,0.44301,0.25303,0.075828,0.28415,0.36239,0.34721,0.12772,0.2711,0.36553,0.28047,0.092022,0.40285,0.11233,0.28226,1,0.35958,0.64417,0.27618,0.33525,0.28841,0.46641,0.22776,0.077628,0.48819,0.5147,0.32538,0.42727,0.53399,0.10585,0.090921,0.29334,0.41414,0.37887,0.25997,0.29779,0.24651,0.059136,0.26939,0.25513,0.28204,0.088289,0.2721,0.24828,0.28082,0.033512,0.27974,0.11264,0.29273,0.45398,0.22051,0.48078,0.25941,0.32532,0.21512,0.38995,0.18587,0.029548,0.29505,0.40024,0.30708,0.37305,0.41316,0.060477,0.055655,0.2771,0.36864
0.30525,0.028088,0.47497,0.053775,0.087237,0.19079,0.43628,0.33382,0.16431,0.16481,0.32927,0.1123,0.21954,0.52637,0.11409,0.10555,0.35958,1,0.48541,0.10197,0.15016,0.15386,0.1631,0.15589,0.080785,0.3117,0.4221,0.086941,0.22788,0.25389,0.1956,0.13803,0.13833,0.12915,0.18872,0.014336,0.21714,0.059107,0.066304,0.17691,0.23403,0.22263,0.096863,0.17048,0.19465,0.10463,0.15611,0.33902,0.086721,0.098086,0.11128,0.43074,0.25437,0.09359,0.15884,0.070536,0.12444,0.070273,0.029612,0.09992,0.22833,0.068499,0.18267,0.10559,0.14327,0.093355,0.12861,0.099828
0.48453,0.203,0.43229,0.19873,0.081619,0.26744,0.3592,0.34867,0.12237,0.25848,0.38226,0.23494,0.13586,0.46203,0.10216,0.22242,0.64417,0.48541,1,0.23305,0.27232,0.23116,0.35456,0.17852,0.069402,0.3979,0.484,0.24341,0.38643,0.43238,0.16097,0.11871,0.23977,0.31984,0.34743,0.17512,0.22701,0.19806,0.061807,0.25024,0.20799,0.2662,0.071392,0.26197,0.23918,0.23501,0.072517,0.30135,0.094124,0.22711,0.33488,0.29597,0.47129,0.21904,0.27207,0.14337,0.29637,0.11709,0.01678,0.18053,0.3141,0.23013,0.32695,0.29738,0.10373,0.079772,0.22791,0.2818
0.25367,0.31159,0.25738,0.73211,0.075569,0.45406,0.35623,0.27809,0.29451,0.55021,0.2364,0.76155,0.13772,0.23765,0.22833,0.35446,0.27618,0.10197,0.23305,1,0.42649,0.35941,0.43348,0.46462,0.17271,0.35335,0.36314,0.5404,0.3581,0.38475,0.062464,0.050448,0.3986,0.39623,0.29863,0.30542,0.2761,0.72196,0.067338,0.4437,0.37625,0.28127,0.29589,0.53652,0.2148,0.74357,0.12793,0.24109,0.25532,0.36544,0.28103,0.1034,0.26889,0.84551,0.41934,0.33146,0.4359,0.48161,0.14143,0.32837,0.38377,0.5347,0.34404,0.40394,0.064054,0.05149,0.39321,0.40474
0.42968,0.30683,0.26761,0.52015,0.093966,0.4372,0.33883,0.33517,0.25822,0.41965,0.21654,0.5113,0.19847,0.33575,0.21788,0.6566,0.33525,0.15016,0.27232,0.42649,1,0.34148,0.81057,0.39588,0.13171,0.29899,0.49219,0.57571,0.59624,0.53491,0.11157,0.096898,0.47925,0.53386,0.43976,0.26114,0.23683,0.50919,0.093514,0.44736,0.3203,0.33465,0.24693,0.43459,0.17774,0.51969,0.16433,0.31002,0.23932,0.63818,0.26831,0.11003,0.24041,0.40399,0.86104,0.29073,0.77331,0.3984,0.097299,0.24145,0.4454,0.5613,0.56131,0.57058,0.091989,0.10178,0.45919,0.52875
0.21805,0.3502,0.30099,0.32458,0.078212,0.28762,0.40171,0.29086,0.33387,0.31987,0.27937,0.34834,0.14521,0.29224,0.18495,0.34023,0.28841,0.15386,0.23116,0.35941,0.34148,1,0.37322,0.4726,0.22735,0.44829,0.42567,0.38249,0.3173,0.45016,0.064113,0.04323,0.34412,0.39884,0.25471,0.32447,0.29232,0.33255,0.076215,0.2817,0.37968,0.27626,0.30607,0.3153,0.24485,0.34642,0.13348,0.28242,0.18517,0.33473,0.29631,0.13126,0.28954,0.35658,0.33082,0.45443,0.35409,0.45476,0.1919,0.38837,0.43458,0.37234,0.31278,0.42303,0.06586,0.044493,0.33679,0.39635
0.42682,0.37813,0.30585,0.50613,0.098205,0.46528,0.33291,0.42797,0.19259,0.41931,0.2642,0.5009,0.13176,0.30475,0.2003,0.65019,0.46641,0.1631,0.35456,0.43348,0.81057,0.37322,1,0.34052,0.091912,0.4141,0.5217,0.66301,0.57156,0.66904,0.065548,0.079194,0.46252,0.58926,0.4393,0.32387,0.28678,0.49283,0.091267,0.46407,0.31469,0.39153,0.18401,0.42769,0.20467,0.50877,0.093612,0.25505,0.22634,0.64562,0.42208,0.091878,0.33496,0.41092,0.7558,0.31413,0.82529,0.34776,0.050859,0.31646,0.47565,0.6351,0.53484,0.67412,0.039115,0.070693,0.44104,0.5741
0.30714,0.26414,0.48809,0.43046,0.10266,0.40738,0.69824,0.29958,0.60283,0.38263,0.27594,0.49627,0.33693,0.48784,0.36288,0.35964,0.22776,0.15589,0.17852,0.46462,0.39588,0.4726,0.34052,1,0.33608,0.46888,0.57047,0.42688,0.40516,0.3665,0.21217,0.098413,0.37284,0.32739,0.3207,0.25858,0.41745,0.4265,0.098569,0.39531,0.63535,0.30397,0.54927,0.38391,0.23611,0.47153,0.32521,0.48986,0.34617,0.35226,0.14876,0.15497,0.19566,0.45023,0.39073,0.4261,0.33323,0.81722,0.28265,0.39826,0.54592,0.41622,0.39034,0.31933,0.20668,0.11866,0.36139,0.32332
0.089267,0.17534,0.16594,0.12182,0.04844,0.1252,0.21764,0.067443,0.2842,0.1546,0.18751,0.15684,0.29361,0.20361,0.15096,0.11488,0.077628,0.080785,0.069402,0.17271,0.13171,0.22735,0.091912,0.33608,1,0.17932,0.33105,0.065748,0.17019,0.07331,0.11364,0.055779,0.17379,0.15518,0.10023,0.17742,0.11828,0.12535,0.05144,0.12611,0.19016,0.08378,0.24872,0.15342,0.16012,0.14485,0.23905,0.20712,0.12939,0.11033,0.03611,0.05966,0.082414,0.17085,0.13214,0.20768,0.097428,0.29742,0.30408,0.14365,0.29773,0.074197,0.15976,0.070819,0.095693,0.064795,0.16319,0.14681
0.26277,0.33738,0.60892,0.28988,0.094588,0.30882,0.58245,0.44976,0.27432,0.32906,0.40586,0.33465,0.095649,0.36873,0.17732,0.26095,0.48819,0.3117,0.3979,0.35335,0.29899,0.44829,0.4141,0.46888,0.17932,1,0.56045,0.45731,0.31436,0.60957,0.07836,0.033488,0.32588,0.40434,0.24979,0.3258,0.50284,0.29387,0.080725,0.28498,0.49897,0.35212,0.23537,0.31256,0.30206,0.32141,0.054356,0.29666,0.16729,0.27393,0.41864,0.23093,0.36275,0.34447,0.28437,0.38633,0.33389,0.41915,0.12372,0.6506,0.4908,0.40479,0.28306,0.4758,0.050943,0.0027524,0.30074,0.36788
0.45948,0.33378,0.62291,0.32271,0.11138,0.37099,0.6115,0.38884,0.4157,0.35367,0.40131,0.38726,0.35557,0.61335,0.25967,0.41552,0.5147,0.4221,0.484,0.36314,0.49219,0.42567,0.5217,0.57047,0.33105,0.56045,1,0.3841,0.48379,0.49278,0.27113,0.14491,0.3791,0.39257,0.37433,0.27842,0.37965,0.32049,0.1026,0.36948,0.43563,0.34066,0.33474,0.36406,0.26613,0.37526,0.27221,0.4729,0.24563,0.40607,0.25207,0.26502,0.32548,0.34617,0.48261,0.31864,0.47554,0.46451,0.2294,0.33152,0.64839,0.36728,0.44302,0.3814,0.19024,0.13255,0.36356,0.37567
0.30832,0.34938,0.28111,0.63742,0.10151,0.60559,0.43975,0.53717,0.20473,0.55499,0.22876,0.64091,0.069547,0.25625,0.24127,0.49351,0.32538,0.086941,0.24341,0.5404,0.57571,0.38249,0.66301,0.42688,0.065748,0.45731,0.3841,1,0.42634,0.65961,0.030012,0.051896,0.36941,0.4788,0.35161,0.31474,0.35548,0.63306,0.095228,0.5876,0.46166,0.51214,0.21436,0.56017,0.20883,0.64244,0.055648,0.24305,0.27913,0.50654,0.39666,0.067434,0.30614,0.52831,0.53938,0.33996,0.62881,0.46173,0.044785,0.41195,0.38891,0.89166,0.41104,0.67223,0.026049,0.047808,0.35607,0.48192
0.6164,0.27457,0.33184,0.4197,0.10264,0.45809,0.40062,0.35587,0.27043,0.4075,0.27066,0.44186,0.2301,0.46721,0.22888,0.46822,0.42727,0.22788,0.38643,0.3581,0.59624,0.3173,0.57156,0.40516,0.17019,0.31436,0.48379,0.42634,1,0.47037,0.15514,0.14916,0.53549,0.47342,0.56803,0.24891,0.28441,0.40872,0.099614,0.44955,0.36846,0.35412,0.25326,0.41596,0.2302,0.43988,0.19523,0.4252,0.24212,0.46128,0.30877,0.18106,0.33796,0.33611,0.57384,0.27379,0.5514,0.40031,0.13444,0.26211,0.45336,0.42931,0.7186,0.45554,0.13044,0.14304,0.46786,0.45505
0.39627,0.38849,0.41652,0.38978,0.10318,0.41129,0.48669,0.54963,0.17633,0.35771,0.34438,0.41539,0.044116,0.39835,0.17129,0.44421,0.53399,0.25389,0.43238,0.38475,0.53491,0.45016,0.66904,0.3665,0.07331,0.60957,0.49278,0.65961,0.47037,1,0.04687,0.05761,0.41011,0.56441,0.38425,0.34932,0.41613,0.38367,0.089584,0.38613,0.43859,0.46273,0.16698,0.3449,0.28937,0.41376,0.021176,0.31879,0.18141,0.46205,0.52961,0.20716,0.46666,0.36556,0.47912,0.39395,0.58066,0.36234,0.041722,0.49805,0.4804,0.60636,0.42464,0.75938,0.032493,0.040689,0.37905,0.53835
0.17797,0.0024285,0.20679,0.058852,0.040512,0.11093,0.23723,0.094043,0.17745,0.088736,0.11933,0.084456,0.22992,0.31649,0.087469,0.082642,0.10585,0.1956,0.16097,0.062464,0.11157,0.064113,0.065548,0.21217,0.11364,0.07836,0.27113,0.030012,0.15514,0.04687,1,0.09349,0.072439,0.035876,0.11086,-0.005556,0.060947,0.055461,0.037489,0.11281,0.12419,0.087499,0.1284,0.098728,0.056768,0.079375,0.18493,0.23511,0.078343,0.071027,-0.047553,0.12756,0.051642,0.055698,0.11694,0.027811,0.067201,0.14427,0.083088,-0.0141,0.16666,0.035115,0.1277,-0.0036118,0.2176,0.09411,0.064749,0.027245
0.14136,0.020969,0.10938,0.055153,0.089627,0.12153,0.13302,0.12511,0.089684,0.073409,0.091568,0.072726,0.12071,0.21303,0.079291,0.070355,0.090921,0.13803,0.11871,0.050448,0.096898,0.04323,0.079194,0.098413,0.055779,0.033488,0.14491,0.051896,0.14916,0.05761,0.09349,1,0.066175,0.071153,0.10296,0.016437,0.04923,0.054563,0.047861,0.11495,0.090736,0.10236,0.07277,0.0782,0.044438,0.069698,0.1035,0.16682,0.070341,0.063338,0.0099973,0.093186,0.058162,0.046796,0.096221,0.028491,0.074488,0.080703,0.051724,0.00048444,0.10359,0.05313,0.11898,0.034457,0.076312,0.091229,0.05841,0.057153
0.30968,0.2956,0.25263,0.37457,0.078099,0.32709,0.30804,0.25308,0.25237,0.35109,0.23784,0.39935,0.15317,0.2648,0.18605,0.38955,0.29334,0.13833,0.23977,0.3986,0.47925,0.34412,0.46252,0.37284,0.17379,0.32588,0.3791,0.36941,0.53549,0.41011,0.072439,0.066175,1,0.45997,0.34463,0.28311,0.26361,0.37371,0.07262,0.32025,0.3172,0.25745,0.25131,0.34725,0.22515,0.39502,0.13991,0.26978,0.19974,0.39101,0.2899,0.13703,0.28023,0.3886,0.46009,0.32073,0.44785,0.38171,0.1499,0.30776,0.40096,0.37122,0.48218,0.42724,0.076361,0.064783,0.50411,0.43458
0.29443,0.40436,0.2099,0.40769,0.094534,0.36644,0.26287,0.32304,0.19661,0.35488,0.30872,0.4141,0.10448,0.24059,0.18009,0.44063,0.41414,0.12915,0.31984,0.39623,0.53386,0.39884,0.58926,0.32739,0.15518,0.40434,0.39257,0.4788,0.47342,0.56441,0.035876,0.071153,0.45997,1,0.34172,0.37719,0.24342,0.40138,0.08694,0.35771,0.28086,0.30817,0.19502,0.35092,0.24785,0.41815,0.085979,0.21819,0.19293,0.45122,0.41551,0.089207,0.36251,0.3858,0.49839,0.3688,0.54401,0.34252,0.12773,0.34831,0.42238,0.468,0.4336,0.57814,0.022275,0.054516,0.41435,0.56715
0.55558,0.22274,0.25332,0.36564,0.07336,0.37786,0.32195,0.28009,0.19127,0.34251,0.20977,0.37619,0.14384,0.35744,0.16719,0.36396,0.37887,0.18872,0.34743,0.29863,0.43976,0.25471,0.4393,0.3207,0.10023,0.24979,0.37433,0.35161,0.56803,0.38425,0.11086,0.10296,0.34463,0.34172,1,0.20659,0.29179,0.35989,0.083602,0.40673,0.37535,0.35858,0.18527,0.36974,0.21036,0.38328,0.13222,0.46382,0.18918,0.36444,0.35113,0.19521,0.40474,0.28338,0.45811,0.22785,0.46284,0.34315,0.084661,0.25755,0.41527,0.37362,0.62466,0.42302,0.11547,0.13013,0.34752,0.38156
0.14137,0.36545,0.11433,0.28058,0.048391,0.21614,0.15036,0.17715,0.15082,0.24854,0.21063,0.28389,0.047409,0.094791,0.10884,0.24002,0.25997,0.014336,0.17512,0.30542,0.26114,0.32447,0.32387,0.25858,0.17742,0.3258,0.27842,0.31474,0.24891,0.34932,-0.005556,0.016437,0.28311,0.37719,0.20659,1,0.19378,0.27964,0.053635,0.21774,0.20659,0.20046,0.16055,0.24311,0.20507,0.2839,0.047747,0.1257,0.12876,0.26511,0.34005,0.028559,0.28245,0.30221,0.24869,0.34619,0.31823,0.28265,0.17378,0.34115,0.37905,0.32014,0.25196,0.391,-0.011456,0.016322,0.27966,0.38695
0.24987,0.16144,0.55154,0.19379,0.074944,0.30683,0.57603,0.36486,0.26006,0.3054,0.24084,0.27248,0.098969,0.35884,0.20208,0.20722,0.29779,0.21714,0.22701,0.2761,0.23683,0.29232,0.28678,0.41745,0.11828,0.50284,0.37965,0.35548,0.28441,0.41613,0.060947,0.04923,0.26361,0.24342,0.29179,0.19378,1,0.20404,0.092756,0.30867,0.74735,0.41764,0.29538,0.27671,0.35605,0.25954,0.15787,0.52898,0.21549,0.20103,0.42733,0.45187,0.41189,0.26977,0.24067,0.32156,0.28212,0.49832,0.13453,0.68027,0.57848,0.35601,0.29875,0.41917,0.16078,0.070674,0.2551,0.26808
0.29955,0.29799,0.17091,0.84758,0.069872,0.49689,0.3042,0.27629,0.25094,0.53513,0.18262,0.76695,0.1128,0.20796,0.21238,0.4305,0.24651,0.059107,0.19806,0.72196,0.50919,0.33255,0.49283,0.4265,0.12535,0.29387,0.32049,0.63306,0.40872,0.38367,0.055461,0.054563,0.37371,0.40138,0.35989,0.27964,0.20404,1,0.072125,0.51393,0.3417,0.30841,0.26155,0.56852,0.16811,0.79147,0.10219,0.22492,0.25516,0.44749,0.26699,0.048465,0.23087,0.73314,0.51951,0.30471,0.52456,0.47033,0.098833,0.28329,0.33581,0.65072,0.41143,0.44869,0.040841,0.063821,0.37138,0.42472
0.075104,0.052274,0.083866,0.070061,0.049697,0.11972,0.11074,0.11702,0.076669,0.083439,0.074029,0.085246,0.067038,0.10513,0.070657,0.075739,0.059136,0.066304,0.061807,0.067338,0.093514,0.076215,0.091267,0.098569,0.05144,0.080725,0.1026,0.095228,0.099614,0.089584,0.037489,0.047861,0.07262,0.08694,0.083602,0.053635,0.092756,0.072125,1,0.14334,0.12193,0.12322,0.080126,0.087172,0.087143,0.082181,0.071981,0.12265,0.10477,0.07598,0.066804,0.080977,0.07346,0.068816,0.097024,0.074657,0.094222,0.10298,0.048149,0.089402,0.10687,0.097727,0.10727,0.09396,0.050213,0.099861,0.074912,0.097451
0.36368,0.23418,0.278,0.5012,0.11235,0.68698,0.4296,0.44013,0.25146,0.56087,0.21224,0.56963,0.19351,0.34586,0.28878,0.38345,0.26939,0.17691,0.25024,0.4437,0.44736,0.2817,0.46407,0.39531,0.12611,0.28498,0.36948,0.5876,0.44955,0.38613,0.11281,0.11495,0.32025,0.35771,0.40673,0.21774,0.30867,0.51393,0.14334,1,0.46617,0.51208,0.25882,0.61215,0.20853,0.58555,0.18586,0.37862,0.36359,0.38684,0.27143,0.15939,0.28079,0.44345,0.46122,0.24798,0.48875,0.42925,0.097812,0.27648,0.36718,0.61443,0.46848,0.43753,0.10716,0.13094,0.3248,0.38212
0.31883,0.17955,0.55563,0.32369,0.10244,0.45295,0.75746,0.4369,0.41433,0.43071,0.25524,0.4135,0.20079,0.50413,0.29804,0.27891,0.25513,0.23403,0.20799,0.37625,0.3203,0.37968,0.31469,0.63535,0.19016,0.49897,0.43563,0.46166,0.36846,0.43859,0.12419,0.090736,0.3172,0.28086,0.37535,0.20659,0.74735,0.3417,0.12193,0.46617,1,0.51882,0.44837,0.42377,0.36161,0.40348,0.26389,0.69419,0.31781,0.27031,0.3593,0.45505,0.37407,0.37443,0.32957,0.40536,0.32079,0.72284,0.20023,0.66732,0.61392,0.48561,0.39073,0.45622,0.23117,0.12202,0.31337,0.31147
0.3198,0.20727,0.32634,0.30014,0.11108,0.46133,0.43472,0.5229,0.19003,0.39204,0.23332,0.34489,0.12732,0.37361,0.19639,0.28702,0.28204,0.22263,0.2662,0.28127,0.33465,0.27626,0.39153,0.30397,0.08378,0.35212,0.34066,0.51214,0.35412,0.46273,0.087499,0.10236,0.25745,0.30817,0.35858,0.20046,0.41764,0.30841,0.12322,0.51208,0.51882,1,0.19986,0.41169,0.26652,0.3484,0.13106,0.46924,0.22898,0.29175,0.35103,0.28266,0.36226,0.27468,0.34698,0.26258,0.4007,0.3414,0.077656,0.40176,0.39371,0.53865,0.38375,0.49915,0.11469,0.12637,0.2582,0.34125
0.16476,0.15109,0.28082,0.24978,0.07129,0.25903,0.42454,0.16892,0.43897,0.26265,0.16475,0.30769,0.25717,0.30215,0.25079,0.2087,0.088289,0.096863,0.071392,0.29589,0.24693,0.30607,0.18401,0.54927,0.24872,0.23537,0.33474,0.21436,0.25326,0.16698,0.1284,0.07277,0.25131,0.19502,0.18527,0.16055,0.29538,0.26155,0.080126,0.25882,0.44837,0.19986,1,0.25666,0.18144,0.3087,0.27915,0.35975,0.26581,0.20742,0.072252,0.14764,0.11296,0.29757,0.2462,0.32125,0.19336,0.57568,0.23432,0.26817,0.37639,0.22672,0.25235,0.17457,0.15816,0.092998,0.2475,0.20175
0.34882,0.2535,0.26645,0.53893,0.084544,0.59443,0.3945,0.36947,0.26626,0.89189,0.22006,0.57089,0.17325,0.30774,0.21069,0.36187,0.2721,0.17048,0.26197,0.53652,0.43459,0.3153,0.42769,0.38391,0.15342,0.31256,0.36406,0.56017,0.41596,0.3449,0.098728,0.0782,0.34725,0.35092,0.36974,0.24311,0.27671,0.56852,0.087172,0.61215,0.42377,0.41169,0.25666,1,0.21498,0.57933,0.15425,0.33199,0.23901,0.36121,0.26627,0.1498,0.28771,0.56148,0.45077,0.28747,0.46057,0.40345,0.12997,0.30826,0.36324,0.59914,0.41721,0.40323,0.097329,0.075956,0.34538,0.37569
0.17452,0.17836,0.25708,0.16091,0.065776,0.20681,0.28578,0.2319,0.17184,0.22877,0.27167,0.19887,0.11899,0.23547,0.12218,0.15594,0.24828,0.19465,0.23918,0.2148,0.17774,0.24485,0.20467,0.23611,0.16012,0.30206,0.26613,0.20883,0.2302,0.28937,0.056768,0.044438,0.22515,0.24785,0.21036,0.20507,0.35605,0.16811,0.087143,0.20853,0.36161,0.26652,0.18144,0.21498,1,0.19551,0.2123,0.32428,0.13509,0.15709,0.32533,0.34797,0.38898,0.21188,0.17977,0.25959,0.20311,0.26734,0.17044,0.41069,0.38417,0.21249,0.24535,0.296,0.12912,0.077826,0.22269,0.28676
0.32746,0.30085,0.23879,0.7786,0.082516,0.56214,0.37631,0.31944,0.28595,0.54675,0.21585,0.81907,0.14868,0.26739,0.26293,0.44132,0.28082,0.10463,0.23501,0.74357,0.51969,0.34642,0.50877,0.47153,0.14485,0.32141,0.37526,0.64244,0.43988,0.41376,0.079375,0.069698,0.39502,0.41815,0.38328,0.2839,0.25954,0.79147,0.082181,0.58555,0.40348,0.3484,0.3087,0.57933,0.19551,1,0.13758,0.27785,0.32856,0.45585,0.28027,0.093954,0.25992,0.75296,0.52588,0.31043,0.53053,0.51198,0.11309,0.30145,0.38053,0.65925,0.44051,0.46134,0.068715,0.078337,0.39564,0.4381
0.14734,0.044598,0.20426,0.09586,0.060896,0.17807,0.28655,0.11193,0.29868,0.15467,0.12711,0.15102,0.34614,0.295,0.18775,0.12882,0.033512,0.15611,0.072517,0.12793,0.16433,0.13348,0.093612,0.32521,0.23905,0.054356,0.27221,0.055648,0.19523,0.021176,0.18493,0.1035,0.13991,0.085979,0.13222,0.047747,0.15787,0.10219,0.071981,0.18586,0.26389,0.13106,0.27915,0.15425,0.2123,0.13758,1,0.32413,0.17797,0.11455,-0.033281,0.16928,0.061026,0.12006,0.16703,0.11903,0.103,0.30589,0.26261,0.066874,0.26897,0.06584,0.19525,0.019634,0.21764,0.13198,0.13425,0.084176
0.43381,0.1123,0.46829,0.21595,0.098373,0.35412,0.60467,0.35174,0.36255,0.32726,0.25325,0.28608,0.28155,0.63985,0.23297,0.24796,0.27974,0.33902,0.30135,0.24109,0.31002,0.28242,0.25505,0.48986,0.20712,0.29666,0.4729,0.24305,0.4252,0.31879,0.23511,0.16682,0.26978,0.21819,0.46382,0.1257,0.52898,0.22492,0.12265,0.37862,0.69419,0.46924,0.35975,0.33199,0.32428,0.27785,0.32413,1,0.23801,0.22983,0.24733,0.51276,0.3971,0.23153,0.3287,0.28297,0.27755,0.51749,0.20567,0.40957,0.58727,0.26592,0.46618,0.31301,0.31752,0.21343,0.27105,0.25362
0.15884,0.13232,0.19585,0.25132,0.073501,0.33157,0.29308,0.20509,0.23727,0.22939,0.13211,0.31526,0.17178,0.20769,0.26485,0.21713,0.11264,0.086721,0.094124,0.25532,0.23932,0.18517,0.22634,0.34617,0.12939,0.16729,0.24563,0.27913,0.24212,0.18141,0.078343,0.070341,0.19974,0.19293,0.18918,0.12876,0.21549,0.25516,0.10477,0.36359,0.31781,0.22898,0.26581,0.23901,0.13509,0.32856,0.17797,0.23801,1,0.22019,0.11041,0.090674,0.12457,0.25143,0.24444,0.16827,0.23323,0.3687,0.11303,0.17131,0.24813,0.28505,0.25136,0.19912,0.082682,0.089937,0.20004,0.20575
0.32315,0.29702,0.19308,0.44975,0.071395,0.37305,0.26281,0.27211,0.20404,0.34258,0.18873,0.44182,0.14089,0.23333,0.19013,0.65668,0.29273,0.098086,0.22711,0.36544,0.63818,0.33473,0.64562,0.35226,0.11033,0.27393,0.40607,0.50654,0.46128,0.46205,0.071027,0.063338,0.39101,0.45122,0.36444,0.26511,0.20103,0.44749,0.07598,0.38684,0.27031,0.29175,0.20742,0.36121,0.15709,0.45585,0.11455,0.22983,0.22019,1,0.274,0.060117,0.23743,0.35194,0.65772,0.32009,0.67101,0.37336,0.084166,0.23762,0.3992,0.52635,0.46161,0.51756,0.050921,0.070944,0.38872,0.47443
0.23844,0.32373,0.20754,0.26598,0.051533,0.26064,0.20571,0.28996,0.039525,0.28179,0.2559,0.27394,-0.057062,0.13011,0.075698,0.25251,0.45398,0.11128,0.33488,0.28103,0.26831,0.29631,0.42208,0.14876,0.03611,0.41864,0.25207,0.39666,0.30877,0.52961,-0.047553,0.0099973,0.2899,0.41551,0.35113,0.34005,0.42733,0.26699,0.066804,0.27143,0.3593,0.35103,0.072252,0.26627,0.32533,0.28027,-0.033281,0.24733,0.11041,0.274,1,0.23446,0.58964,0.27441,0.271,0.31854,0.43131,0.22888,0.043351,0.54246,0.44692,0.40707,0.34135,0.59751,-0.0051957,0.013329,0.28365,0.46867
0.22534,-0.0029035,0.37841,0.039175,0.061646,0.14672,0.38982,0.23757,0.14696,0.1658,0.21767,0.10061,0.11643,0.41506,0.095816,0.076821,0.22051,0.43074,0.29597,0.1034,0.11003,0.13126,0.091878,0.15497,0.05966,0.23093,0.26502,0.067434,0.18106,0.20716,0.12756,0.093186,0.13703,0.089207,0.19521,0.028559,0.45187,0.048465,0.080977,0.15939,0.45505,0.28266,0.14764,0.1498,0.34797,0.093954,0.16928,0.51276,0.090674,0.060117,0.23446,1,0.39442,0.099062,0.12174,0.13875,0.091435,0.18253,0.079377,0.38183,0.38265,0.068674,0.18776,0.1677,0.23328,0.11702,0.13691,0.11663
0.32515,0.26539,0.26707,0.22592,0.065161,0.27657,0.27428,0.29719,0.10091,0.30207,0.31852,0.26006,0.035578,0.28611,0.10936,0.2285,0.48078,0.25437,0.47129,0.26889,0.24041,0.28954,0.33496,0.19566,0.082414,0.36275,0.32548,0.30614,0.33796,0.46666,0.051642,0.058162,0.28023,0.36251,0.40474,0.28245,0.41189,0.23087,0.07346,0.28079,0.37407,0.36226,0.11296,0.28771,0.38898,0.25992,0.061026,0.3971,0.12457,0.23743,0.58964,0.39442,1,0.26255,0.24711,0.29289,0.33779,0.24748,0.082141,0.45703,0.4834,0.31458,0.3696,0.47602,0.10399,0.076592,0.27673,0.39936
0.23058,0.30688,0.24513,0.69895,0.07505,0.4413,0.34219,0.26475,0.29076,0.54781,0.22963,0.72916,0.12991,0.21965,0.22044,0.33895,0.25941,0.09359,0.21904,0.84551,0.40399,0.35658,0.41092,0.45023,0.17085,0.34447,0.34617,0.52831,0.33611,0.36556,0.055698,0.046796,0.3886,0.3858,0.28338,0.30221,0.26977,0.73314,0.068816,0.44345,0.37443,0.27468,0.29757,0.56148,0.21188,0.75296,0.12006,0.23153,0.25143,0.35194,0.27441,0.099062,0.26255,1,0.4025,0.33077,0.41944,0.48031,0.14173,0.32746,0.37031,0.53408,0.32952,0.39495,0.057319,0.045958,0.38776,0.39528
0.42175,0.28861,0.26892,0.52082,0.087231,0.433,0.33328,0.31899,0.2563,0.41908,0.21286,0.50922,0.20551,0.32168,0.21345,0.64756,0.32532,0.15884,0.27207,0.41934,0.86104,0.33082,0.7558,0.39073,0.13214,0.28437,0.48261,0.53938,0.57384,0.47912,0.11694,0.096221,0.46009,0.49839,0.45811,0.24869,0.24067,0.51951,0.097024,0.46122,0.32957,0.34698,0.2462,0.45077,0.17977,0.52588,0.16703,0.3287,0.24444,0.65772,0.271,0.12174,0.24711,0.4025,1,0.28006,0.82233,0.39531,0.092928,0.24122,0.4427,0.57623,0.58684,0.58317,0.092739,0.10751,0.46866,0.54232
0.15829,0.31759,0.20822,0.29616,0.06533,0.2475,0.32387,0.22389,0.28955,0.30068,0.22729,0.31296,0.089612,0.20922,0.15716,0.27844,0.21512,0.070536,0.14337,0.33146,0.29073,0.45443,0.31413,0.4261,0.20768,0.38633,0.31864,0.33996,0.27379,0.39395,0.027811,0.028491,0.32073,0.3688,0.22785,0.34619,0.32156,0.30471,0.074657,0.24798,0.40536,0.26258,0.32125,0.28747,0.25959,0.31043,0.11903,0.28297,0.16827,0.32009,0.31854,0.13875,0.29289,0.33077,0.28006,1,0.31427,0.47015,0.2044,0.44856,0.45042,0.34712,0.28357,0.42284,0.059304,0.039909,0.31354,0.37929
0.39685,0.35702,0.23433,0.52943,0.083959,0.46247,0.2865,0.36563,0.19208,0.43138,0.22312,0.51339,0.13605,0.26342,0.19411,0.64421,0.38995,0.12444,0.29637,0.4359,0.77331,0.35409,0.82529,0.33323,0.097428,0.33389,0.47554,0.62881,0.5514,0.58066,0.067201,0.074488,0.44785,0.54401,0.46284,0.31823,0.28212,0.52456,0.094222,0.48875,0.32079,0.4007,0.19336,0.46057,0.20311,0.53053,0.103,0.27755,0.23323,0.67101,0.43131,0.091435,0.33779,0.41944,0.82233,0.31427,1,0.35996,0.062387,0.31749,0.48832,0.66912,0.56923,0.69863,0.043065,0.084396,0.45437,0.59161
0.27011,0.27137,0.39039,0.45789,0.092877,0.42633,0.62362,0.27735,0.52833,0.40711,0.22927,0.51795,0.26379,0.39376,0.3483,0.3649,0.18587,0.070273,0.11709,0.48161,0.3984,0.45476,0.34776,0.81722,0.29742,0.41915,0.46451,0.46173,0.40031,0.36234,0.14427,0.080703,0.38171,0.34252,0.34315,0.28265,0.49832,0.47033,0.10298,0.42925,0.72284,0.3414,0.57568,0.40345,0.26734,0.51198,0.30589,0.51749,0.3687,0.37336,0.22888,0.18253,0.24748,0.48031,0.39531,0.47015,0.35996,1,0.28313,0.49466,0.58195,0.4796,0.40798,0.38339,0.19448,0.1157,0.37263,0.357
0.059318,0.13879,0.10664,0.092976,0.034699,0.099065,0.17001,0.041177,0.23998,0.13601,0.14006,0.12202,0.20176,0.14921,0.12182,0.089569,0.029548,0.029612,0.01678,0.14143,0.097299,0.1919,0.050859,0.28265,0.30408,0.12372,0.2294,0.044785,0.13444,0.041722,0.083088,0.051724,0.1499,0.12773,0.084661,0.17378,0.13453,0.098833,0.048149,0.097812,0.20023,0.077656,0.23432,0.12997,0.17044,0.11309,0.26261,0.20567,0.11303,0.084166,0.043351,0.079377,0.082141,0.14173,0.092928,0.2044,0.062387,0.28313,1,0.17623,0.29093,0.054064,0.13819,0.061128,0.10339,0.064563,0.14149,0.12659
0.16902,0.29059,0.39905,0.27103,0.065578,0.267,0.45278,0.3235,0.22166,0.33671,0.26806,0.30732,-0.00063146,0.21418,0.14506,0.22378,0.29505,0.09992,0.18053,0.32837,0.24145,0.38837,0.31646,0.39826,0.14365,0.6506,0.33152,0.41195,0.26211,0.49805,-0.0141,0.00048444,0.30776,0.34831,0.25755,0.34115,0.68027,0.28329,0.089402,0.27648,0.66732,0.40176,0.26817,0.30826,0.41069,0.30145,0.066874,0.40957,0.17131,0.23762,0.54246,0.38183,0.45703,0.32746,0.24122,0.44856,0.31749,0.49466,0.17623,1,0.60288,0.41945,0.29272,0.54549,0.099062,0.020516,0.29689,0.39191
0.3526,0.34056,0.44977,0.33305,0.087053,0.35356,0.51007,0.3099,0.36938,0.37608,0.33103,0.39064,0.23273,0.45486,0.23806,0.38836,0.40024,0.22833,0.3141,0.38377,0.4454,0.43458,0.47565,0.54592,0.29773,0.4908,0.64839,0.38891,0.45336,0.4804,0.16666,0.10359,0.40096,0.42238,0.41527,0.37905,0.57848,0.33581,0.10687,0.36718,0.61392,0.39371,0.37639,0.36324,0.38417,0.38053,0.26897,0.58727,0.24813,0.3992,0.44692,0.38265,0.4834,0.37031,0.4427,0.45042,0.48832,0.58195,0.29093,0.60288,1,0.40367,0.45782,0.51249,0.22295,0.13324,0.38896,0.44883
0.30869,0.34349,0.24003,0.63778,0.093274,0.59368,0.39696,0.4912,0.20462,0.56602,0.2113,0.63546,0.073807,0.24004,0.22953,0.49616,0.30708,0.068499,0.23013,0.5347,0.5613,0.37234,0.6351,0.41622,0.074197,0.40479,0.36728,0.89166,0.42931,0.60636,0.035115,0.05313,0.37122,0.468,0.37362,0.32014,0.35601,0.65072,0.097727,0.61443,0.48561,0.53865,0.22672,0.59914,0.21249,0.65925,0.06584,0.26592,0.28505,0.52635,0.40707,0.068674,0.31458,0.53408,0.57623,0.34712,0.66912,0.4796,0.054064,0.41945,0.40367,1,0.43958,0.70961,0.031266,0.054391,0.37208,0.5017
0.5377,0.27077,0.28429,0.41174,0.091851,0.43318,0.35428,0.31307,0.25585,0.38626,0.23642,0.4301,0.20856,0.37568,0.21906,0.46076,0.37305,0.18267,0.32695,0.34404,0.56131,0.31278,0.53484,0.39034,0.15976,0.28306,0.44302,0.41104,0.7186,0.42464,0.1277,0.11898,0.48218,0.4336,0.62466,0.25196,0.29875,0.41143,0.10727,0.46848,0.39073,0.38375,0.25235,0.41721,0.24535,0.44051,0.19525,0.46618,0.25136,0.46161,0.34135,0.18776,0.3696,0.32952,0.58684,0.28357,0.56923,0.40798,0.13819,0.29272,0.45782,0.43958,1,0.48838,0.12864,0.15769,0.51208,0.49423
0.30965,0.40617,0.23685,0.44561,0.086709,0.41671,0.31809,0.4387,0.15089,0.39485,0.26303,0.45066,0.016966,0.23865,0.16137,0.48678,0.41316,0.10559,0.29738,0.40394,0.57058,0.42303,0.67412,0.31933,0.070819,0.4758,0.3814,0.67223,0.45554,0.75938,-0.0036118,0.034457,0.42724,0.57814,0.42302,0.391,0.41917,0.44869,0.09396,0.43753,0.45622,0.49915,0.17457,0.40323,0.296,0.46134,0.019634,0.31301,0.19912,0.51756,0.59751,0.1677,0.47602,0.39495,0.58317,0.42284,0.69863,0.38339,0.061128,0.54549,0.51249,0.70961,0.48838,1,0.01167,0.040153,0.43306,0.62887
0.13865,-0.019588,0.18829,0.041136,0.037079,0.10322,0.23822,0.09034,0.17347,0.099688,0.088678,0.075794,0.18055,0.27313,0.092685,0.063194,0.060477,0.14327,0.10373,0.064054,0.091989,0.06586,0.039115,0.20668,0.095693,0.050943,0.19024,0.026049,0.13044,0.032493,0.2176,0.076312,0.076361,0.022275,0.11547,-0.011456,0.16078,0.040841,0.050213,0.10716,0.23117,0.11469,0.15816,0.097329,0.12912,0.068715,0.21764,0.31752,0.082682,0.050921,-0.0051957,0.23328,0.10399,0.057319,0.092739,0.059304,0.043065,0.19448,0.10339,0.099062,0.22295,0.031266,0.12864,0.01167,1,0.10559,0.071006,0.022819
0.1364,0.018993,0.09006,0.05893,0.0439,0.11667,0.12185,0.08488,0.095465,0.070706,0.058456,0.080264,0.12643,0.17862,0.084039,0.07494,0.055655,0.093355,0.079772,0.05149,0.10178,0.044493,0.070693,0.11866,0.064795,0.0027524,0.13255,0.047808,0.14304,0.040689,0.09411,0.091229,0.064783,0.054516,0.13013,0.016322,0.070674,0.063821,0.099861,0.13094,0.12202,0.12637,0.092998,0.075956,0.077826,0.078337,0.13198,0.21343,0.089937,0.070944,0.013329,0.11702,0.076592,0.045958,0.10751,0.039909,0.084396,0.1157,0.064563,0.020516,0.13324,0.054391,0.15769,0.040153,0.10559,1,0.064543,0.065592
0.28013,0.28486,0.23586,0.36474,0.075017,0.31058,0.28781,0.23044,0.24897,0.33679,0.2209,0.39013,0.14426,0.23994,0.1795,0.38335,0.2771,0.12861,0.22791,0.39321,0.45919,0.33679,0.44104,0.36139,0.16319,0.30074,0.36356,0.35607,0.46786,0.37905,0.064749,0.05841,0.50411,0.41435,0.34752,0.27966,0.2551,0.37138,0.074912,0.3248,0.31337,0.2582,0.2475,0.34538,0.22269,0.39564,0.13425,0.27105,0.20004,0.38872,0.28365,0.13691,0.27673,0.38776,0.46866,0.31354,0.45437,0.37263,0.14149,0.29689,0.38896,0.37208,0.51208,0.43306,0.071006,0.064543,1,0.46381
0.2906,0.40211,0.1865,0.42438,0.081585,0.36587,0.24748,0.29971,0.1913,0.36765,0.26266,0.42903,0.091417,0.21049,0.17097,0.45505,0.36864,0.099828,0.2818,0.40474,0.52875,0.39635,0.5741,0.32332,0.14681,0.36788,0.37567,0.48192,0.45505,0.53835,0.027245,0.057153,0.43458,0.56715,0.38156,0.38695,0.26808,0.42472,0.097451,0.38212,0.31147,0.34125,0.20175,0.37569,0.28676,0.4381,0.084176,0.25362,0.20575,0.47443,0.46867,0.11663,0.39936,0.39528,0.54232,0.37929,0.59161,0.357,0.12659,0.39191,0.44883,0.5017,0.49423,0.62887,0.022819,0.065592,0.46381,1
