0,0,3.6262,1.3525,0,3.1343,7.9036,5.5483,2.8769,3.7205,1.8888,1.4124,0,8.6958,0.71832,0,5.8511,0,2.7851,1.3064,3.6133,1.0229,5.4468,3.712,0,3.2533,2.2598,4.8581,8.398,7.7667,0,1.6782,3.3655,4.1865,0,0,0,0,0,0,0,0,1.8884,0,0,0,0,0,0,0.72694,0,0,0,0,0,1.0885,0,2.4497,0,0,0,1.8152,0,0,0,0,0,0
0,0,4.0689,0,0,0,1.3878,1.0938,6.6631,0,4.8856,0.46016,6.6482,1.5396,2.5063,4.4779,5.1116,2.7585,4.2289,0,1.9935,7.3189,3.5636,7.0351,7.4824,6.0546,9.1434,2.9838,1.7116,1.4113,4.0903,1.2323,0,4.6185,0,5.3995,4.2408,0,0,0,0,0,1.4543,0,2.7852,0,5.2654,0,0,2.3854,3.8515,1.552,2.9624,0,0.8241,3.1248,2.822,1.9444,4.1407,5.3882,7.1267,0,0,0.63745,3.225,0,0,1.6744
3.6262,4.0689,0,0,0,3.7419,8.05,6.5792,2.3451,4.2826,2.9032,0,0,6.56,0,3.1159,8.7883,3.3901,6.0092,0,7.1228,3.3857,9.6793,4.5055,0.55842,9.5383,9.8455,6.8565,3.6749,6.6055,0.57645,0,1.7603,5.5255,0,4.6159,7.1044,0,0,0,0,0,1.0701,0,0,0,0,0,0,3.3071,5.5448,0,2.9455,0,0.96941,3.7486,5.9531,1.1169,0.91064,5.5929,8.0078,0,0,0,0,0,0,2.2011
1.3525,0,0,0,3.7725,5.6192,4.9884,4.7026,7.2055,8.7645,0,8.4748,1.1074,3.9875,5.7705,0,0,0,0,9.9576,0,0.77498,0,8.0534,0,0,0,9.3617,4.5347,1.5095,0,0.46578,1.2572,4.0085,0,0,0,3.2517,0,1.8708,2.4668,0,5.5023,3.2725,0,4.7219,0,0,1.7304,0,0,0,0,4.2391,0,0,0,6.6309,0,0,0,4.0494,0,0,0,0,0,0
0,0,0,3.7725,0,6.1354,2.1541,3.0425,4.4327,3.2996,1.4591,4.8569,1.578,1.1546,6.4752,0,0,0,0,3.4274,0,1.8168,0,5.0451,0,0,0,3.8757,1.434,0.29792,0,5.6012,0,5.4393,0,0,0,0,0,0,0,0,1.1413,0,0,1.0278,0,0,0,0,0,0,0,0,0,0,0,1.1255,0,0,0,0,0,0,0,0,0,0
3.1343,0,3.7419,5.6192,6.1354,0,7.8858,8.8934,5.7374,9.5948,3.5486,9.0348,3.3655,6.613,7.3455,0,2.2837,1.013,0,6.1337,3.1723,1.1356,4.0265,5.8855,0,1.7691,0.94813,7.3913,5.8315,4.2996,0,5.5722,2.124,5.396,0,0,0,1.5996,0,0,0,0,4.139,0,0,3.1546,0,0,1.5269,0,0,0,0,3.0278,0,0.76048,0,4.8591,0,0,0,2.6942,0,0,0,0,0,0
7.9036,1.3878,8.05,4.9884,2.1541,7.8858,0,8.6913,5.7711,9.4595,1.3542,5.2266,2.6297,9.3968,4.5174,2.337,5.7646,0,2.1596,4.1971,7.1057,2.9503,7.8263,7.1015,0,5.437,6.0248,10.493,7.8619,9.2944,0,2.0975,5.1599,6.3933,0,1.0045,0,0,0,0,3.9007,0,5.0448,0,0,3.0828,0,0,0,1.8034,0,0,0,2.9388,0,2.8079,0,6.6791,0,0,0,5.1112,1.6091,1.9992,0,0,0,0
5.5483,1.0938,6.5792,4.7026,3.0425,8.8934,8.6913,0,5.6015,8.5434,4.1004,7.2325,3.3485,9.2378,4.5903,0,6.4976,2.0878,1.848,5.7413,5.3796,2.1779,7.1516,6.2134,0.65137,4.3437,3.2938,7.1922,6.3289,7.1237,0.55987,5.6683,3.0422,5.3557,0,0,0,0,0,0,0,0,4.6633,0,0,2.3762,0,0,0,0,0,0,0,0,0,1.4886,0,4.7508,0,0,0,3.0681,0,0,0,0,0,0
2.8769,6.6631,2.3451,7.2055,4.4327,5.7374,5.7711,5.6015,0,7.0421,2.7671,7.0806,4.7147,5.1291,6.4684,3.0095,3.0461,0,0.94517,6.729,2.7981,7.8488,3.1771,9.4395,6.4557,3.2265,7.7411,7.7951,5.7355,5.1551,0.91003,2.4996,3.6014,4.6089,1.7342,2.5154,0.74795,4.7932,0.89658,3.2551,4.5179,3.4336,5.8559,5.1356,0,4.4275,0.80568,3.3259,2.0018,3.7211,0,0,0,4.9197,2.8952,4.2192,1.8163,6.8184,1.3352,0,2.6723,6.4449,4.0147,3.8795,0,0,1.7474,3.0562
3.7205,0,4.2826,8.7645,3.2996,9.5948,9.4595,8.5434,7.0421,0,1.491,9.0687,2.6906,7.9996,5.3628,0,1.7903,0,0,9.0479,2.9068,0.7694,3.651,6.3532,0,1.9141,1.6464,9.4193,7.1578,3.4139,0,2.7554,2.7253,6.5939,0,0,0,2.4913,0,0,0,0,5.9841,0,0,4.9975,0,0,1.8289,0,0,0,0,3.8603,0,1.0653,0,6.8039,0,0,0,3.8295,0,0,0,0,0,0
1.8888,4.8856,2.9032,0,1.4591,3.5486,1.3542,4.1004,2.7671,1.491,0,3.2897,7.1931,5.6212,1.4047,0.80125,6.0641,8.5355,7.5815,1.2269,3.313,4.2802,4.3651,0.77171,5.2649,7.9991,6.1594,1.1493,6.323,2.8926,5.6074,5.4867,1.3299,8.2769,0,3.4794,0.22966,0,0,0,0,0,0,0,4.1838,0,6.2705,0,0,0,0,2.4542,1.0187,0,0,1.319,0,0,4.3442,4.8406,5.3297,0,1.1156,0,4.671,0,0,2.4682
1.4124,0.46016,0,8.4748,4.8569,9.0348,5.2266,7.2325,7.0806,9.0687,3.2897,0,3.6586,6.5182,6.9766,0,0,0.60573,0,9.293,0,1.2456,0,7.2325,0,0,0.85169,7.5932,6.0623,1.0103,0,4.2355,0.63164,6.0757,0,0,0,3.9171,0.62241,2.919,2.4376,1.5157,4.7587,3.9782,0,4.7751,0,0,2.1972,0,0,0,0,4.6163,0,0,0,5.6728,0,0,0,4.5765,0,0,0,0,0,0
0,6.6482,0,1.1074,1.578,3.3655,2.6297,3.3485,4.7147,2.6906,7.1931,3.6586,0,3.9503,1.7502,1.098,0.84495,3.0986,1.7026,2.3731,0,6.0352,0,3.2221,7.9495,5.1905,7.9035,2.8879,4.4767,1.8545,6.6883,4.6818,0,6.2523,0,4.8617,0,0,0,0,0,0,1.1921,0,5.2313,0,7.6688,0,0,0,0,2.8659,1.3,0,0,2.6183,0,0,6.0337,5.4975,6.5641,0,1.4766,0,5.8224,1.3702,0,3.1527
8.6958,1.5396,6.56,3.9875,1.1546,6.613,9.3968,9.2378,5.1291,7.9996,5.6212,6.5182,3.9503,0,3.1746,0.92628,7.2951,3.659,3.2609,5.1766,5.556,2.278,7.5226,5.6251,1.4006,5.2645,3.7746,6.9259,8.7693,8.4568,1.5081,5.4358,3.7323,6.2252,0,0,0,0,0,0,0,0,3.9969,0,0,0,0.99365,0,0,0,0,0,0,0,0,2.1848,0,3.2533,0,0,0,1.8573,0,0,0,0,0,0
0.71832,2.5063,0,5.7705,6.4752,7.3455,4.5174,4.5903,6.4684,5.3628,1.4047,6.9766,1.7502,3.1746,0,0,0,0,0,5.3369,1.3205,3.6964,1.3408,7.0551,0,0,2.9867,6.0782,3.4988,2.2931,0,3.7144,1.5637,3.0213,0,0,0,1.7828,0,1.1653,1.0151,0,2.9836,2.113,0,2.212,0,0,1.1789,0.90665,0,0,0,2.3714,0,1.4233,0,3.7592,0,0,0,2.678,0,0,0,0,0,0
0,4.4779,3.1159,0,0,0,2.337,0,3.0095,0,0.80125,0,1.098,0.92628,0,0,4.3344,0,1.9259,0,8.0933,8.1958,8.6559,7.5806,1.9035,3.3349,8.5782,6.8264,1.5961,3.8058,0,0,1.2093,3.4981,0,2.8295,3.6505,0,0,0,0.72087,0,2.2422,0,0,0,0,0,0,8.167,0.79462,0,0,0,6.1218,6.6588,7.7877,5.4455,0,0,6.7088,4.262,1.9194,4.3048,0,0,1.3839,2.0416
5.8511,5.1116,8.7883,0,0,2.2837,5.7646,6.4976,3.0461,1.7903,6.0641,0,0.84495,7.2951,0,4.3344,0,5.9154,8.9035,0,6.8263,4.4196,9.0928,4.2855,1.2634,8.7516,8.9749,5.439,7.2093,7.7118,1.035,0,4.3777,8.2333,0,4.6915,5.8536,0,0,0,0,0,0.97273,0,0,0,0,0,0,1.7503,4.5799,0,3.0091,0,0,3.284,3.2986,0,1.3022,5.6733,7.2836,0,0,0,0,0,0,1.2689
0,2.7585,3.3901,0,0,1.013,0,2.0878,0,0,8.5355,0.60573,3.0986,3.659,0,0,5.9154,0,8.2318,0,1.9623,1.3452,3.5301,0,2.9517,8.1891,5.9421,0,4.345,1.9732,3.7484,2.8588,0,6.3493,0,1.9602,0,0,0,0,0,0,0,0,2.1182,0,3.7922,0,0,0,0,2.2326,1.3583,0,0,0,0,0,2.6032,4.927,5.0326,0,0,0,3.4823,0,0,0
2.7851,4.2289,6.0092,0,0,0,2.1596,1.848,0.94517,0,7.5815,0,1.7026,3.2609,0,1.9259,8.9035,8.2318,0,0,4.8954,2.6906,6.1521,0.72577,2.6124,8.9952,7.5713,2.3595,5.1142,5.1004,2.3663,1.6351,2.4071,7.6035,0,3.7363,3.1289,0,0,0,0,0,0,0,0.71877,0,1.8387,0,0,0,2.5441,1.6479,3.0928,0,0,0.96299,0,0,2.6767,5.758,6.1662,0,0,0,1.6224,0,0,0.46611
1.3064,0,0,9.9576,3.4274,6.1337,4.1971,5.7413,6.729,9.0479,1.2269,9.293,2.3731,5.1766,5.3369,0,0,0,0,0,0,0,0,6.615,0,0,0,8.1564,5.023,0.86395,0,1.716,0.49149,4.8034,0,0,0,3.8592,0,2.6148,3.1817,0,5.213,3.5548,0,4.9255,0,0,2.0849,0,0,0,0,4.8514,0,0,0,6.684,0,0,0,4.5179,0,0,0,0,0,0
3.6133,1.9935,7.1228,0,0,3.1723,7.1057,5.3796,2.7981,2.9068,3.313,0,0,5.556,1.3205,8.0933,6.8263,1.9623,4.8954,0,0,5.3051,10.533,5.534,0,5.0183,7.0477,9.1573,5.804,9.5673,0,0,4.8143,8.2042,0,1.2335,1.1117,0,0,0,1.1232,0,2.5379,0,0,0,0,0,0,6.638,0,0,0,0,5.6511,5.3026,4.9345,5.4487,0,0,3.6374,4.427,2.6925,4.5947,0,0,2.2256,2.2969
1.0229,7.3189,3.3857,0.77498,1.8168,1.1356,2.9503,2.1779,7.8488,0.7694,4.2802,1.2456,6.0352,2.278,3.6964,8.1958,4.4196,1.3452,2.6906,0,5.3051,0,5.9628,8.8902,6.6153,4.5706,8.6944,5.8899,2.6646,3.7905,3.2756,0,1.3312,4.0798,1.107,3.9939,3.831,0,0,0,2.0312,0.92013,3.6208,0,1.7734,0,3.9415,1.6984,0,6.1184,2.4989,0,0.70104,0,4.2403,5.9769,5.2695,5.2492,2.8875,2.5836,6.4211,4.3464,2.6738,3.5793,0,0,1.233,1.5096
5.4468,3.5636,9.6793,0,0,4.0265,7.8263,7.1516,3.1771,3.651,4.3651,0,0,7.5226,1.3408,8.6559,9.0928,3.5301,6.1521,0,10.533,5.9628,0,6.036,0,7.4568,9.6487,8.2297,6.4641,8.7039,0,0,4.3037,8.3145,0,3.5129,6.2899,0,0,0,0,0,2.1929,0,0,0,0,0,0,7.8576,2.8672,0,0,0,5.3335,6.0103,8.3459,3.8707,0,1.9096,8.1472,2.2487,0.66883,2.8948,0,0,0.57643,1.6147
3.712,7.0351,4.5055,8.0534,5.0451,5.8855,7.1015,6.2134,9.4395,6.3532,0.77171,7.2325,3.2221,5.6251,7.0551,7.5806,4.2855,0,0.72577,6.615,5.534,8.8902,6.036,0,5.8696,3.7398,8.5992,9.1216,6.5997,6.3464,0,1.9991,4.9235,5.5812,2.6621,3.3886,0.97216,5.1936,0,3.9227,6.3113,3.9554,7.0965,5.3941,0,5.1474,0,2.9418,2.608,6.7403,0,0,0,5.8631,5.4864,6.5212,4.4181,8.9318,0,0,4.4445,8.1169,4.6614,5.7674,0,0,3.6145,3.9261
0,7.4824,0.55842,0,0,0,0,0.65137,6.4557,0,5.2649,0,7.9495,1.4006,0,1.9035,1.2634,2.9517,2.6124,0,0,6.6153,0,5.8696,0,5.4413,8.6116,0,1.8677,0,4.6336,1.7982,0,4.175,0,4.2023,0.69783,0,0,0,0,0,0.582,0,3.544,0,6.2373,0,0,0,1.0956,2.4894,2.2042,0,0,1.4799,0,0,5.2121,5.695,6.6564,0,0,0,4.7214,0,0,1.7277
3.2533,6.0546,9.5383,0,0,1.7691,5.437,4.3437,3.2265,1.9141,7.9991,0,5.1905,5.2645,0,3.3349,8.7516,8.1891,8.9952,0,5.0183,4.5706,7.4568,3.7398,5.4413,0,10.116,4.3707,5.0769,5.3941,6.48,3.1944,1.3491,6.8544,0,6.102,6.0179,0,0,0,0,0,0,0,4.2514,0,6.5612,0,0,0.88927,5.7096,4.8837,5.8887,0,0,2.8162,2.6038,0,5.9012,8.5878,9.01,0,0,0,6.1441,0,0,2.7798
2.2598,9.1434,9.8455,0,0,0.94813,6.0248,3.2938,7.7411,1.6464,6.1594,0.85169,7.9035,3.7746,2.9867,8.5782,8.9749,5.9421,7.5713,0,7.0477,8.6944,9.6487,8.5992,8.6116,10.116,0,7.9826,4.1939,5.3743,7.1561,1.4584,2.0145,7.3837,0,7.6621,8.0905,0,0,0,0,0,2.7668,0,4.3198,0,7.0899,0,0,6.9736,7.024,4.5341,6.0016,0,3.373,6.808,8.0759,3.6679,6.6584,8.6753,10.263,1.3477,0,0.95068,6.0519,0,0,3.9466
4.8581,2.9838,6.8565,9.3617,3.8757,7.3913,10.493,7.1922,7.7951,9.4193,1.1493,7.5932,2.8879,6.9259,6.0782,6.8264,5.439,0,2.3595,8.1564,9.1573,5.8899,8.2297,9.1216,0,4.3707,7.9826,0,7.8609,9.2561,0,0.83796,6.364,7.2644,1.7714,1.4302,0.58853,2.8563,0,2.5543,5.416,2.7412,6.8291,3.3991,0,5.1055,0,2.011,1.9956,6.0217,0,0,0,4.7445,5.034,5.6548,2.9439,8.5515,0,0,2.6591,7.1836,3.821,5.3068,0,0,3.1817,3.1882
8.398,1.7116,3.6749,4.5347,1.434,5.8315,7.8619,6.3289,5.7355,7.1578,6.323,6.0623,4.4767,8.7693,3.4988,1.5961,7.2093,4.345,5.1142,5.023,5.804,2.6646,6.4641,6.5997,1.8677,5.0769,4.1939,7.8609,0,8.9037,2.2724,5.7791,8.3362,8.0797,0,0,0,0,0,0,1.8826,0,4.4602,0,1.0369,0,1.3744,0,0,2.9995,0,0,0,0,2.8815,3.1561,1.0656,4.7931,0.68704,0,0,3.7659,1.7039,2.7014,0,0,1.3506,1.4042
7.7667,1.4113,6.6055,1.5095,0.29792,4.2996,9.2944,7.1237,5.1551,3.4139,2.8926,1.0103,1.8545,8.4568,2.2931,3.8058,7.7118,1.9732,5.1004,0.86395,9.5673,3.7905,8.7039,6.3464,0,5.3941,5.3743,9.2561,8.9037,0,0,1.571,6.6776,8.026,0,1.0121,0,0,0,0,3.0993,0,4.5729,0,0,0,0,0,0,5.0726,0,0,0,0,4.4934,4.2188,2.3471,6.1317,0,0,0.96096,5.1905,2.6495,3.9843,0,0,2.1734,2.2223
0,4.0903,0.57645,0,0,0,0,0.55987,0.91003,0,5.6074,0,6.6883,1.5081,0,0,1.035,3.7484,2.3663,0,0,3.2756,0,0,4.6336,6.48,7.1561,0,2.2724,0,0,1.9435,0,3.646,0,3.3904,0,0,0,0,0,0,0,0,3.9855,0,6.5626,0,0,0,0,2.923,1.1702,0,0,0,0,0,4.7922,5.6615,6.3631,0,0,0,5.4087,0,0,0.85943
1.6782,1.2323,0,0.46578,5.6012,5.5722,2.0975,5.6683,2.4996,2.7554,5.4867,4.2355,4.6818,5.4358,3.7144,0,0,2.8588,1.6351,1.716,0,0,0,1.9991,1.7982,3.1944,1.4584,0.83796,5.7791,1.571,1.9435,0,0,7.733,0,0,0,0,0,0,0,0,0,0,0.67709,0,1.5518,0,0,0,0,0,0,0,0,0,0,0,0,0,0,0,0,0,0,0,0,0
3.3655,0,1.7603,1.2572,0,2.124,5.1599,3.0422,3.6014,2.7253,1.3299,0.63164,0,3.7323,1.5637,1.2093,4.3777,0,2.4071,0.49149,4.8143,1.3312,4.3037,4.9235,0,1.3491,2.0145,6.364,8.3362,6.6776,0,0,0,7.2771,0,0,0,0,0,0,1.1987,0,2.5429,0,0,0,0,0,0,2.3582,0,0,0,0,2.43,1.5322,0.76794,3.7314,0,0,0,2.9567,1.2707,2.1048,0,0,0.61626,0.78608
4.1865,4.6185,5.5255,4.0085,5.4393,5.396,6.3933,5.3557,4.6089,6.5939,8.2769,6.0757,6.2523,6.2252,3.0213,3.4981,8.2333,6.3493,7.6035,4.8034,8.2042,4.0798,8.3145,5.5812,4.175,6.8544,7.3837,7.2644,8.0797,8.026,3.646,7.733,7.2771,0,0,3.0962,3.6087,0,0,0,1.7106,0,3.4734,0,2.2866,0,3.3939,0,0,3.2887,2.2347,0,1.2033,0,2.6537,2.7456,2.7744,4.1547,2.4688,3.6104,5.3611,2.9554,1.42,2.4963,1.5086,0,0.7645,1.5015
0,0,0,0,0,0,0,0,1.7342,0,0,0,0,0,0,0,0,0,0,0,0,1.107,0,2.6621,0,0,0,1.7714,0,0,0,0,0,0,0,1.172,3.3447,1.8633,0,2.7507,8.1644,5.1685,3.5522,4.0838,2.2016,2.27,0,8.5142,1.0834,1.7054,4.6425,1.281,3.1849,2.0916,3.4877,1.8623,4.103,4.4504,0,3.8557,2.7892,5.5596,8.1325,7.7089,0,1.1237,3.0387,4.3756
0,5.3995,4.6159,0,0,0,1.0045,0,2.5154,0,3.4794,0,4.8617,0,0,2.8295,4.6915,1.9602,3.7363,0,1.2335,3.9939,3.5129,3.3886,4.2023,6.102,7.6621,1.4302,0,1.0121,3.3904,0,0,3.0962,1.172,0,4.1183,0,0,0,2.4759,1.6692,6.9581,0,4.4625,0.99643,5.7772,2.2895,2.9204,5.0162,5.2955,2.7575,4.4498,0,2.4832,7.4203,4.4889,7.018,7.6369,5.8213,9.2866,2.6596,2.0949,2.9929,3.2123,0,0,3.9401
0,4.2408,7.1044,0,0,0,0,0,0.74795,0,0.22966,0,0,0,0,3.6505,5.8536,0,3.1289,0,1.1117,3.831,6.2899,0.97216,0.69783,6.0179,8.0905,0.58853,0,0,0,0,0,3.6087,3.3447,4.1183,0,0,0,2.9537,8.3378,6.2723,1.974,3.6676,2.0123,0,0,6.741,0,3.6573,8.5798,3.4244,6.1182,0,6.6847,3.3269,9.4654,4.5809,1.0572,9.2769,9.7998,6.846,3.2055,6.0805,0.52225,0,1.6298,4.5088
0,0,0,3.2517,0,1.5996,0,0,4.7932,2.4913,0,3.9171,0,0,1.7828,0,0,0,0,3.8592,0,0,0,5.1936,0,0,0,2.8563,0,0,0,0,0,0,1.8633,0,0,0,2.6561,5.5598,4.1726,4.5149,7.034,8.8974,0,8.2834,0,4.3151,4.9867,0,0,0,0,10.148,0,0,0,8.4256,0,0,0,9.2436,4.615,0.79416,0,0,1.0418,3.9997
0,0,0,0,0,0,0,0,0.89658,0,0,0.62241,0,0,0,0,0,0,0,0,0,0,0,0,0,0,0,0,0,0,0,0,0,0,0,0,0,2.6561,0,5.8849,1.3954,2.914,4.3454,2.4376,1.6546,3.9083,0,1.2506,6.7391,0,0,0,0,2.806,0,1.4483,0,4.8989,0,0,0,3.2132,0.88331,0,0,5.0281,0,5.9343
0,0,0,1.8708,0,0,0,0,3.2551,0,0,2.919,0,0,1.1653,0,0,0,0,2.6148,0,0,0,3.9227,0,0,0,2.5543,0,0,0,0,0,0,2.7507,0,2.9537,5.5598,5.8849,0,7.6668,8.8089,5.7397,9.6297,3.6618,8.8735,1.2522,6.5518,7.3164,0,0,1.0689,0,6.2443,2.5457,1.2423,2.8598,6.044,0,0.86443,0.95748,7.7763,5.634,2.6985,0,5.22,1.4956,5.5319
0,0,0,2.4668,0,0,3.9007,0,4.5179,0,0,2.4376,0,0,1.0151,0.72087,0,0,0,3.1817,1.1232,2.0312,0,6.3113,0,0,0,5.416,1.8826,3.0993,0,0,1.1987,1.7106,8.1644,2.4759,8.3378,4.1726,1.3954,7.6668,0,8.8526,5.8539,9.4068,2.6977,4.9437,0,9.7109,4.0696,2.7958,7.5139,2.2165,5.5129,4.1394,7.3183,3.2851,8.3452,6.9928,0,6.5885,6.5015,10.393,7.9638,9.4228,0,1.4672,4.8361,6.4686
0,0,0,0,0,0,0,0,3.4336,0,0,1.5157,0,0,0,0,0,0,0,0,0,0.92013,0,3.9554,0,0,0,2.7412,0,0,0,0,0,0,5.1685,1.6692,6.2723,4.5149,2.914,8.8089,8.8526,0,5.4593,8.5376,4.4161,7.1935,2.1394,9.3885,5.1686,1.678,4.0238,1.9635,1.3567,5.8914,4.7403,2.1986,5.8588,6.0475,0,3.7515,2.6829,7.3319,6.058,6.2031,0.96411,5.7809,2.3239,5.7159
1.8884,1.4543,1.0701,5.5023,1.1413,4.139,5.0448,4.6633,5.8559,5.9841,0,4.7587,1.1921,3.9969,2.9836,2.2422,0.97273,0,0,5.213,2.5379,3.6208,2.1929,7.0965,0.582,0,2.7668,6.8291,4.4602,4.5729,0,0,2.5429,3.4734,3.5522,6.9581,1.974,7.034,4.3454,5.7397,5.8539,5.4593,0,6.9179,2.5091,7.0208,3.4208,5.44,6.241,3.1251,2.8741,0,1.2607,6.8763,2.056,7.7779,2.5302,9.436,5.8612,2.5426,7.4003,7.8476,6.0246,5.3388,0,1.8078,3.5928,4.6802
0,0,0,3.2725,0,0,0,0,5.1356,0,0,3.9782,0,0,2.113,0,0,0,0,3.5548,0,0,0,5.3941,0,0,0,3.3991,0,0,0,0,0,0,4.0838,0,3.6676,8.8974,2.4376,9.6297,9.4068,8.5376,6.9179,0,2.1528,9.2566,0,8.0096,5.1322,0,0,0,0,9.3216,2.4662,0.92388,2.9934,6.7767,0,0,2.0551,9.6427,7.2059,2.7881,0,1.9064,2.3612,6.5094
0,2.7852,0,0,0,0,0,0,0,0,4.1838,0,5.2313,0,0,0,0,2.1182,0.71877,0,0,1.7734,0,0,3.544,4.2514,4.3198,0,1.0369,0,3.9855,0.67709,0,2.2866,2.2016,4.4625,2.0123,0,1.6546,3.6618,2.6977,4.4161,2.5091,2.1528,0,3.8632,7.6446,6.169,1.9018,0.86213,5.2858,8.3206,6.7165,2.0223,3.7544,2.8642,4.4977,1.1981,5.4731,7.6821,5.3963,0.9695,7.0819,4.295,6.1205,5.5024,1.3652,8.4975
0,0,0,4.7219,1.0278,3.1546,3.0828,2.3762,4.4275,4.9975,0,4.7751,0,0,2.212,0,0,0,0,4.9255,0,0,0,5.1474,0,0,0,5.1055,0,0,0,0,0,0,2.27,0.99643,0,8.2834,3.9083,8.8735,4.9437,7.1935,7.0208,9.2566,3.8632,0,0,7.0001,6.8587,0,0,0.50156,0,9.6425,0,1.2496,0,7.68,0,0,1.0473,7.6338,6.4075,0.96073,0,3.3975,0.46155,6.1863
0,5.2654,0,0,0,0,0,0,0.80568,0,6.2705,0,7.6688,0.99365,0,0,0,3.7922,1.8387,0,0,3.9415,0,0,6.2373,6.5612,7.0899,0,1.3744,0,6.5626,1.5518,0,3.3939,0,5.7772,0,0,0,1.2522,0,2.1394,3.4208,0,7.6446,0,0,3.5604,0,0.57076,1.1938,3.7626,1.6548,0,0,4.1693,0,1.933,7.8989,5.3569,8.0482,0,5.0422,0,6.7396,4.0464,0,6.4938
0,0,0,0,0,0,0,0,3.3259,0,0,0,0,0,0,0,0,0,0,0,0,1.6984,0,2.9418,0,0,0,2.011,0,0,0,0,0,0,8.5142,2.2895,6.741,4.3151,1.2506,6.5518,9.7109,9.3885,5.44,8.0096,6.169,7.0001,3.5604,0,4.023,2.6275,6.0758,3.6251,3.1894,5.9033,5.2462,3.0322,6.4868,6.0431,0.69708,5.5471,3.6291,7.3488,8.7206,8.0408,2.3177,5.4445,3.3628,6.4116
0,0,0,1.7304,0,1.5269,0,0,2.0018,1.8289,0,2.1972,0,0,1.1789,0,0,0,0,2.0849,0,0,0,2.608,0,0,0,1.9956,0,0,0,0,0,0,1.0834,2.9204,0,4.9867,6.7391,7.3164,4.0696,5.1686,6.241,5.1322,1.9018,6.8587,0,4.023,0,0.96707,0,0,0,4.9959,1.6865,3.5175,0,6.8981,0,0,2.7986,5.6936,3.6666,2.061,0,3.3338,1.0864,3.4499
0.72694,2.3854,3.3071,0,0,0,1.8034,0,3.7211,0,0,0,0,0,0.90665,8.167,1.7503,0,0,0,6.638,6.1184,7.8576,6.7403,0,0.88927,6.9736,6.0217,2.9995,5.0726,0,0,2.3582,3.2887,1.7054,5.0162,3.6573,0,0,0,2.7958,1.678,3.1251,0,0.86213,0,0.57076,2.6275,0.96707,0,4.3061,0,2.1978,0,8.4193,8.6658,8.6046,8.1778,1.9509,3.3393,8.7564,6.9562,3.5779,5.4694,0,0,2.2275,3.8589
0,3.8515,5.5448,0,0,0,0,0,0,0,0,0,0,0,0,0.79462,4.5799,0,2.5441,0,0,2.4989,2.8672,0,1.0956,5.7096,7.024,0,0,0,0,0,0,2.2347,4.6425,5.2955,8.5798,0,0,0,7.5139,4.0238,2.8741,0,5.2858,0,1.1938,6.0758,0,4.3061,0,5.9517,8.6819,0,6.3689,3.9541,8.9856,4.1026,1.3184,8.3621,8.6833,5.6826,4.8446,7.8575,1.3487,0,2.1319,7.8095
0,1.552,0,0,0,0,0,0,0,0,2.4542,0,2.8659,0,0,0,0,2.2326,1.6479,0,0,0,0,0,2.4894,4.8837,4.5341,0,0,0,2.923,0,0,0,1.281,2.7575,3.4244,0,0,1.0689,2.2165,1.9635,0,0,8.3206,0.50156,3.7626,3.6251,0,0,5.9517,0,8.2477,0,3.7728,0.88009,4.8109,0,2.4846,8.0921,5.9287,0,4.4509,4.4755,4.3706,2.3288,0.89552,6.4244
0,2.9624,2.9455,0,0,0,0,0,0,0,1.0187,0,1.3,0,0,0,3.0091,1.3583,3.0928,0,0,0.70104,0,0,2.2042,5.8887,6.0016,0,0,0,1.1702,0,0,1.2033,3.1849,4.4498,6.1182,0,0,0,5.5129,1.3567,1.2607,0,6.7165,0,1.6548,3.1894,0,2.1978,8.6819,8.2477,0,0,5.2687,2.441,6.5223,1.2613,2.2432,8.7804,7.6031,2.9909,4.5459,6.8239,2.3865,0,1.8398,7.6689
0,0,0,4.2391,0,3.0278,2.9388,0,4.9197,3.8603,0,4.6163,0,0,2.3714,0,0,0,0,4.8514,0,0,0,5.8631,0,0,0,4.7445,0,0,0,0,0,0,2.0916,0,0,10.148,2.806,6.2443,4.1394,5.8914,6.8763,9.3216,2.0223,9.6425,0,5.9033,4.9959,0,0,0,0,0,0,0,0,7.3798,0,0,0,8.1617,5.6285,0.90658,0,1.3817,0.65967,5.1167
0,0.8241,0.96941,0,0,0,0,0,2.8952,0,0,0,0,0,0,6.1218,0,0,0,0,5.6511,4.2403,5.3335,5.4864,0,0,3.373,5.034,2.8815,4.4934,0,0,2.43,2.6537,3.4877,2.4832,6.6847,0,0,2.5457,7.3183,4.7403,2.056,2.4662,3.7544,0,0,5.2462,1.6865,8.4193,6.3689,3.7728,5.2687,0,0,5.4104,10.346,5.8851,0,5.1735,6.7802,9.2938,5.6797,9.5019,0,0,4.5782,7.9126
1.0885,3.1248,3.7486,0,0,0.76048,2.8079,1.4886,4.2192,1.0653,1.319,0,2.6183,2.1848,1.4233,6.6588,3.284,0,0.96299,0,5.3026,5.9769,6.0103,6.5212,1.4799,2.8162,6.808,5.6548,3.1561,4.2188,0,0,1.5322,2.7456,1.8623,7.4203,3.3269,0,1.4483,1.2423,3.2851,2.1986,7.7779,0.92388,2.8642,1.2496,4.1693,3.0322,3.5175,8.6658,3.9541,0.88009,2.441,0,5.4104,0,6.1741,8.8046,5.8894,3.7082,8.5278,5.6289,3.877,4.7715,1.3398,0,1.8888,3.3056
0,2.822,5.9531,0,0,0,0,0,1.8163,0,0,0,0,0,0,7.7877,3.2986,0,0,0,4.9345,5.2695,8.3459,4.4181,0,2.6038,8.0759,2.9439,1.0656,2.3471,0,0,0.76794,2.7744,4.103,4.4889,9.4654,0,0,2.8598,8.3452,5.8588,2.5302,2.9934,4.4977,0,0,6.4868,0,8.6046,8.9856,4.8109,6.5223,0,10.346,6.1741,0,6.0275,0.51374,7.4338,9.6471,8.2849,5.0892,8.3565,0,0,3.4834,7.8158
2.4497,1.9444,1.1169,6.6309,1.1255,4.8591,6.6791,4.7508,6.8184,6.8039,0,5.6728,0,3.2533,3.7592,5.4455,0,0,0,6.684,5.4487,5.2492,3.8707,8.9318,0,0,3.6679,8.5515,4.7931,6.1317,0,0,3.7314,4.1547,4.4504,7.018,4.5809,8.4256,4.8989,6.044,6.9928,6.0475,9.436,6.7767,1.1981,7.68,1.933,6.0431,6.8981,8.1778,4.1026,0,1.2613,7.3798,5.8851,8.8046,6.0275,0,5.2203,3.4763,8.3589,9.5164,6.8751,6.6716,0,1.7105,4.8015,5.6019
0,4.1407,0.91064,0,0,0,0,0,1.3352,0,4.3442,0,6.0337,0,0,0,1.3022,2.6032,2.6767,0,0,2.8875,0,0,5.2121,5.9012,6.6584,0,0.68704,0,4.7922,0,0,2.4688,0,7.6369,1.0572,0,0,0,0,0,5.8612,0,5.4731,0,7.8989,0.69708,0,1.9509,1.3184,2.4846,2.2432,0,0,5.8894,0.51374,5.2203,0,5.1077,8.3707,0,1.621,0,3.9805,1.1961,0,4.218
0,5.3882,5.5929,0,0,0,0,0,0,0,4.8406,0,5.4975,0,0,0,5.6733,4.927,5.758,0,0,2.5836,1.9096,0,5.695,8.5878,8.6753,0,0,0,5.6615,0,0,3.6104,3.8557,5.8213,9.2769,0,0,0.86443,6.5885,3.7515,2.5426,0,7.6821,0,5.3569,5.5471,0,3.3393,8.3621,8.0921,8.7804,0,5.1735,3.7082,7.4338,3.4763,5.1077,0,9.8241,4.4716,4.7943,6.288,6.8941,2.574,1.2655,6.1064
0,7.1267,8.0078,0,0,0,0,0,2.6723,0,5.3297,0,6.5641,0,0,6.7088,7.2836,5.0326,6.1662,0,3.6374,6.4211,8.1472,4.4445,6.6564,9.01,10.263,2.6591,0,0.96096,6.3631,0,0,5.3611,2.7892,9.2866,9.7998,0,0,0.95748,6.5015,2.6829,7.4003,2.0551,5.3963,1.0473,8.0482,3.6291,2.7986,8.7564,8.6833,5.9287,7.6031,0,6.7802,8.5278,9.6471,8.3589,8.3707,9.8241,0,7.5279,3.7379,5.8609,7.0505,0.91521,1.7854,6.3416
1.8152,0,0,4.0494,0,2.6942,5.1112,3.0681,6.4449,3.8295,0,4.5765,0,1.8573,2.678,4.262,0,0,0,4.5179,4.427,4.3464,2.2487,8.1169,0,0,1.3477,7.1836,3.7659,5.1905,0,0,2.9567,2.9554,5.5596,2.6596,6.846,9.2436,3.2132,7.7763,10.393,7.3319,7.8476,9.6427,0.9695,7.6338,0,7.3488,5.6936,6.9562,5.6826,0,2.9909,8.1617,9.2938,5.6289,8.2849,9.5164,0,4.4716,7.5279,0,8.1508,9.0962,0,0,6.3735,7.2626
0,0,0,0,0,0,1.6091,0,4.0147,0,1.1156,0,1.4766,0,0,1.9194,0,0,0,0,2.6925,2.6738,0.66883,4.6614,0,0,0,3.821,1.7039,2.6495,0,0,1.2707,1.42,8.1325,2.0949,3.2055,4.615,0.88331,5.634,7.9638,6.058,6.0246,7.2059,7.0819,6.4075,5.0422,8.7206,3.6666,3.5779,4.8446,4.4509,4.5459,5.6285,5.6797,3.877,5.0892,6.8751,1.621,4.7943,3.7379,8.1508,0,8.6264,3.3264,5.4645,8.1144,7.9701
0,0.63745,0,0,0,0,1.9992,0,3.8795,0,0,0,0,0,0,4.3048,0,0,0,0,4.5947,3.5793,2.8948,5.7674,0,0,0.95068,5.3068,2.7014,3.9843,0,0,2.1048,2.4963,7.7089,2.9929,6.0805,0.79416,0,2.6985,9.4228,6.2031,5.3388,2.7881,4.295,0.96073,0,8.0408,2.061,5.4694,7.8575,4.4755,6.8239,0.90658,9.5019,4.7715,8.3565,6.6716,0,6.288,5.8609,9.0962,8.6264,0,0,0.73399,6.7511,8.1015
0,3.225,0,0,0,0,0,0,0,0,4.671,0,5.8224,0,0,0,0,3.4823,1.6224,0,0,0,0,0,4.7214,6.1441,6.0519,0,0,0,5.4087,0,0,1.5086,0,3.2123,0.52225,0,0,0,0,0.96411,0,0,6.1205,0,6.7396,2.3177,0,0,1.3487,4.3706,2.3865,0,0,1.3398,0,0,3.9805,6.8941,7.0505,0,3.3264,0,0,2.2866,0,4.2221
0,0,0,0,0,0,0,0,0,0,0,0,1.3702,0,0,0,0,0,0,0,0,0,0,0,0,0,0,0,0,0,0,0,0,0,1.1237,0,0,0,5.0281,5.22,1.4672,5.7809,1.8078,1.9064,5.5024,3.3975,4.0464,5.4445,3.3338,0,0,2.3288,0,1.3817,0,0,0,1.7105,1.1961,2.574,0.91521,0,5.4645,0.73399,2.2866,0,0,7.8024
0,0,0,0,0,0,0,0,1.7474,0,0,0,0,0,0,1.3839,0,0,0,0,2.2256,1.233,0.57643,3.6145,0,0,0,3.1817,1.3506,2.1734,0,0,0.61626,0.7645,3.0387,0,1.6298,1.0418,0,1.4956,4.8361,2.3239,3.5928,2.3612,1.3652,0.46155,0,3.3628,1.0864,2.2275,2.1319,0.89552,1.8398,0.65967,4.5782,1.8888,3.4834,4.8015,0,1.2655,1.7854,6.3735,8.1144,6.7511,0,0,0,6.9003
0,1.6744,2.2011,0,0,0,0,0,3.0562,0,2.4682,0,3.1527,0,0,2.0416,1.2689,0,0.46611,0,2.2969,1.5096,1.6147,3.9261,1.7277,2.7798,3.9466,3.1882,1.4042,2.2223,0.85943,0,0.78608,1.5015,4.3756,3.9401,4.5088,3.9997,5.9343,5.5319,6.4686,5.7159,4.6802,6.5094,8.4975,6.1863,6.4938,6.4116,3.4499,3.8589,7.8095,6.4244,7.6689,5.1167,7.9126,3.3056,7.8158,5.6019,4.218,6.1064,6.3416,7.2626,7.9701,8.1015,4.2221,7.8024,6.9003,0
