0.000000000000000000e+00,1.413621010789506138e-01,1.126428924909073370e-01,1.180880937471472797e-01,1.493412427550796784e-01,2.187898520666941293e-01,2.072420536096078736e-01,1.092019096641111686e-01,2.156034484139249530e-01,2.733732541323471987e-01,8.815588650278743943e-02,1.449506808903864852e-01,9.941515335448419810e-02,1.353999260093241008e-01,1.281709408827311769e-01,1.114195159216083281e-01,1.605397155362802697e-01,3.467668797235118894e-01,1.264628773404355977e-01,1.540599901025459517e-01,1.171228837785852905e-01,1.547010504433835032e-01,9.802489738197928126e-02,1.707097499531552709e-01,1.226687892274700847e-01,1.074600218128356072e-01,1.422843900493751534e-01,2.253622099829757364e-01,1.487201695059120754e-01,2.883014975904984456e-01,1.277578102603606769e-01,1.009220647562551615e-01,1.966608104060999229e-01,1.806394908416519285e-01,2.815240157398347098e-01,2.071854875777342786e-01,2.325232902468437612e-01,1.216293323382494906e-01,1.526905540171971942e-01,1.481165209007643813e-01,3.404203375063861170e-01,1.106742920837984617e-01,8.521329974391537998e-02,1.225417558852215788e-01,1.120941443266608301e-01,9.776224649785474063e-02,2.354939998686745584e-01,1.549030353793943715e-01,1.148356430061995004e-01,9.559614543812249010e-02,1.327417709396015166e-01,7.884593763963336499e-02,7.891358625759327394e-02,2.197981111557759937e-01,1.718696418819256055e-01,2.152848721098393203e-01,3.475893613579691399e-01,9.311620860245706233e-02,1.244047834491506244e-01,2.328381510018369682e-01,1.279956054022802492e-01,1.510065134216203586e-01,1.169576699663518599e-01,1.057271025283350596e-01,2.239518387964183899e-01,2.045622458572428359e-01,1.012911853402369972e-01,1.135492302247106400e-01,1.739604069807480224e-01,9.499230464940110197e-02,1.501265688986119506e-01,2.131394628148807757e-01,2.622592780624052322e-01,2.269247905599428294e-01,6.067446825207438443e-02,2.323952319255352950e-01,1.795690923970576780e-01,1.206524632328800639e-01,1.963597868684166803e-01,1.886170950491909415e-01,1.073841093012044973e-01,1.460349165522907278e-01,1.676811290144345767e-01,3.083664236078302312e-01,1.952645326816174753e-01,1.684318621146919104e-01,1.069611132553815319e-01,1.206669410621025174e-01,1.013603073655956199e-01,7.941601818056608086e-02,1.994980165053659160e-01,2.194051598086492194e-01,9.546514030201649903e-02,1.327012202055403434e-01,1.038355677342998051e-01,8.725640331644787806e-02,7.129139353910854404e-02,1.182529231922332391e-01,2.304205457052576622e-01,1.205360640483790213e-01,1.856737395560238979e-01,1.805070122981471958e-01,1.207693108457198183e-01,1.852875786951695969e-01,2.201570460103490778e-01,1.893520690964008713e-01,9.375643614780838908e-02,1.438058433415598802e-01,7.297761221518793417e-02,1.396899118037549514e-01,1.127593557365995924e-01,9.756019750065263174e-02,8.722719141323793945e-02,1.450599692826587961e-01,8.612815761615495724e-02,nan,1.362184999111150929e-01,1.733568224367915966e-01,1.354068446179790830e-01,1.400146379822005960e-01,1.730930825124158690e-01,5.260474405151801397e-02,1.186583024104624629e-01,8.688683430412731667e-02,1.942889448000730268e-01,1.538560192696063200e-01,1.575650341205919736e-01,1.027376229774680655e-01,1.146335299478061370e-01,1.003193130077850298e-01,1.077481049898863369e-01,7.669489095984485805e-02,1.866491352539946247e-01,9.698569673752369114e-02,1.730621409570421709e-01,1.994299835202585636e-01,9.194888557550170982e-02,2.106706726264928053e-01,1.133078476560810816e-01,1.106935104411734122e-01
1.413621010789506138e-01,0.000000000000000000e+00,1.395088748772827791e-01,1.227792307211848372e-01,1.701761202300437481e-01,1.059424762533171666e-01,3.137354561076740600e-01,1.045089789767185556e-01,1.306631774671165869e-01,1.765053018643408245e-01,1.298135979487606839e-01,9.291845170506868312e-02,1.207996117891810134e-01,1.157822111681077598e-01,2.026880716460362775e-01,1.029460780937952180e-01,8.564763462058957999e-02,2.463954209060494338e-01,9.582420327897207823e-02,1.003671667176487120e-01,1.353131871563717781e-01,7.418766405670695896e-02,9.934340482028433672e-02,1.530819678957339725e-01,1.051272975946624111e-01,1.630209976569619301e-01,1.169240378409456549e-01,1.151957950234063499e-01,1.130828647524115133e-01,1.741310659942376660e-01,7.084616825992187672e-02,1.683686977801195639e-01,9.717672720983083767e-02,1.165920727478888114e-01,1.834169278494817978e-01,1.253136836306039670e-01,1.386247023156519098e-01,1.385779376460395118e-01,2.009264529478557715e-01,7.973030238483799770e-02,2.932856504533130071e-01,1.246210540308102521e-01,7.847521552587030658e-02,5.777781336732847051e-02,1.230348348742719145e-01,1.453358808333720664e-01,1.260820335584550422e-01,7.986079503141402247e-02,8.708247718220445133e-02,1.366524504206418078e-01,1.473329244093958545e-01,1.605950003443289142e-01,8.317013211019166907e-02,1.108189422536406676e-01,1.245960701662227887e-01,1.481509858216568387e-01,2.419964029641112901e-01,1.798511538221309047e-01,1.757461767480296977e-01,1.338722587815881770e-01,1.010079708137212595e-01,2.504677267726132528e-01,1.770493735616260889e-01,1.796027885836551097e-01,1.381883174808577197e-01,1.226213198847539293e-01,7.001881797492966186e-02,1.075534870908691765e-01,1.237198411923069036e-01,1.065855224910834814e-01,9.020302593036866323e-02,1.139808745313523469e-01,1.502348323118242457e-01,1.292454392435654631e-01,9.574226901536346535e-02,1.483105622490603070e-01,2.447686510154499506e-01,1.401669754949927960e-01,8.809669396207256420e-02,1.412761950214845297e-01,1.184831591135852707e-01,1.081079367011369141e-01,2.800270338227074385e-01,2.186224601739581441e-01,1.136232209006042826e-01,1.013346828890956675e-01,1.717149981662483837e-01,9.207297210295276035e-02,9.354445766596254652e-02,7.091939020152050743e-02,1.537682554375940092e-01,1.264326404581656571e-01,1.004041300249998853e-01,1.209932687703294263e-01,1.982071835016808170e-01,1.587773921649959785e-01,1.101008162997294954e-01,9.387309157707443563e-02,1.176853410377592668e-01,8.278333063742487896e-02,1.864611156576762296e-01,1.436577338673901139e-01,1.451672717780023436e-01,9.227284301965235636e-02,1.235356652674634848e-01,1.232334245671465461e-01,7.454493332030756592e-02,1.035262803029453754e-01,1.016490952157500932e-01,2.256486916302452017e-01,1.149457641939580360e-01,8.723808181575040677e-02,1.961522286087671318e-01,1.050308855018313448e-01,1.853199936579420226e-01,nan,1.050507444711187982e-01,9.176323624325954942e-02,1.774914598424414680e-01,1.954490929736084071e-01,1.189901393811368530e-01,1.090716092011089211e-01,5.873533599294046559e-02,7.814677379833216697e-02,9.186599039402439104e-02,7.709796397518910160e-02,1.265185465156317135e-01,1.351867944260357612e-01,1.311408817702669483e-01,1.080097308949508478e-01,9.126189336053799894e-02,1.373854385709229464e-01,8.938522076287269691e-02,1.622539930141270736e-01,7.316736146367011639e-02,1.497654559635363536e-01,7.395537817723489560e-02,1.249509691657471055e-01,6.624305136266159244e-02,9.243773652592957024e-02
1.126428924909073370e-01,1.395088748772827791e-01,0.000000000000000000e+00,1.215387498138221500e-01,1.209493868543232431e-01,2.210502511999461461e-01,1.965453721394676001e-01,1.198986551954426966e-01,2.096055271995810043e-01,2.526018612979117339e-01,1.170148766101379856e-01,1.423786881228949475e-01,9.565860509959114855e-02,1.454583017698505842e-01,1.220636672149237045e-01,1.192175566100739381e-01,1.618677680920815598e-01,3.277400012491932246e-01,1.354649481184427295e-01,1.420598555740443247e-01,1.331191554172545533e-01,1.714614439712813521e-01,1.275213604034573511e-01,1.768008802007677849e-01,1.398132936581022445e-01,1.281047016109788106e-01,1.419120664058308723e-01,2.331423775990826286e-01,1.408428851238703317e-01,2.873109834513927763e-01,1.400301407904830653e-01,1.112222074525586885e-01,2.059591001324465043e-01,1.869205625213203326e-01,2.649227502110015342e-01,2.161383593608615095e-01,2.410305523836368535e-01,1.365724379927706900e-01,1.509745468871866447e-01,1.682102103929673798e-01,3.512734564055585706e-01,8.982070874098939395e-02,1.058805290813785438e-01,1.192514449802451332e-01,1.253532734467963927e-01,1.045745135753671784e-01,2.284899976457512305e-01,1.703569649729421986e-01,1.415211009556328337e-01,1.174089169975160302e-01,1.040112235207069913e-01,9.570748378851480498e-02,9.202998704362408411e-02,2.221541536475641343e-01,1.485914705726910368e-01,1.998697635981889764e-01,3.326048081127092604e-01,1.268186731966374214e-01,1.134141251723646687e-01,2.278331141906749513e-01,1.315424173170212374e-01,1.348256814909601642e-01,1.181144869579422163e-01,8.806030720544263946e-02,2.334451948501208296e-01,1.751051164071921462e-01,1.135220682796207053e-01,1.269702419751346789e-01,1.606194076581951014e-01,1.212656569555239094e-01,1.616163279164257449e-01,1.930456452002953238e-01,2.539733473413804399e-01,2.315031157761893998e-01,9.125670440404673456e-02,2.036742296241370043e-01,1.712672745006029729e-01,1.368577665385976583e-01,2.040166366913675478e-01,1.992701508480900774e-01,1.247583371636587363e-01,1.627668669112736777e-01,1.708346052149012917e-01,2.829264433386771138e-01,2.014333050930248725e-01,1.525164997605713002e-01,1.196656646428668758e-01,1.357046650960997969e-01,8.539805221948003344e-02,9.358513652240621483e-02,1.933452593917709961e-01,2.090618398694433222e-01,9.251870987166940785e-02,1.099108108064823786e-01,1.216574552012081867e-01,1.010013725110225080e-01,1.007876643770129199e-01,1.277828581861394086e-01,2.288029365650069147e-01,1.235265685783060174e-01,1.600438178548149182e-01,1.545552471720987864e-01,1.338412531650232384e-01,1.956079006667168496e-01,2.238759903459785205e-01,2.000299806375049894e-01,1.166209002839512232e-01,1.438294819211310416e-01,8.634378758590205427e-02,1.479206858391134971e-01,1.375717285150776237e-01,9.542638328131031189e-02,9.989657320672706842e-02,1.710392807209445976e-01,1.157509493067778311e-01,nan,1.341735385640364098e-01,1.633655187435038292e-01,1.121251499432257825e-01,1.370029932591611543e-01,1.770972272714897433e-01,8.532611150170640868e-02,1.343871826368547295e-01,1.125082358669000637e-01,1.962540859028544249e-01,1.658583959398017005e-01,1.688489645309199372e-01,1.133227098524510479e-01,1.368239422296177454e-01,1.077415066871875854e-01,1.020996375738104922e-01,1.013823444153855863e-01,1.901858255005181020e-01,1.080768670233807349e-01,1.746170341910593116e-01,2.075159792633924083e-01,1.160924595173309648e-01,2.158687258068907600e-01,1.172293534784425856e-01,1.410235376831950049e-01
1.180880937471472797e-01,1.227792307211848372e-01,1.215387498138221500e-01,0.000000000000000000e+00,1.544319293789427616e-01,1.644765319833504935e-01,2.627382635893805718e-01,9.482715489835891187e-02,1.723143546715822649e-01,2.306552659099972424e-01,9.709927722960971785e-02,1.172512624058500708e-01,1.032963646875495467e-01,1.255537849754085056e-01,1.588952647568957766e-01,1.043332591291201428e-01,1.201838556188871560e-01,3.032772744525570885e-01,9.281480069762634844e-02,1.238500775941178828e-01,1.197069841112230471e-01,1.013074568828144645e-01,8.112741290480667000e-02,1.622669974359507994e-01,9.816653667583273568e-02,1.271493570658693284e-01,1.222263185795071372e-01,1.693712554231802114e-01,1.296108442784547898e-01,2.343785664066316277e-01,9.419224443188131679e-02,1.298807340771905294e-01,1.465342735380835426e-01,1.477013403202739050e-01,2.373907876803923178e-01,1.609014690832683281e-01,1.851652858810736157e-01,1.163525479538054935e-01,1.702812446448847827e-01,1.094688526480494251e-01,3.029902162545663469e-01,1.045574732984947131e-01,6.413159449906549736e-02,8.230729192524698090e-02,1.019692730496170041e-01,1.171075731538765846e-01,1.854946885264804890e-01,1.116118916789317073e-01,8.650477335951299585e-02,1.041084684090242823e-01,1.337786013199808166e-01,1.079146640871360141e-01,5.614976225290398137e-02,1.670695368215719678e-01,1.449193549678652881e-01,1.837082140860950563e-01,3.008500599772903628e-01,1.264910642645855066e-01,1.392613424342932782e-01,1.812767075110145176e-01,1.073689908600695270e-01,2.005310672754615220e-01,1.428304476435891535e-01,1.286464030441878126e-01,1.734288912769477442e-01,1.688933589364561283e-01,7.632641098777552535e-02,9.560447339298498715e-02,1.374732024029352850e-01,7.820878503146203031e-02,1.060128795025007953e-01,1.700050127882153095e-01,2.108759246832574430e-01,1.790393704066123859e-01,6.562364370446649442e-02,1.976488902199380893e-01,2.111235852486295084e-01,1.295953414701723205e-01,1.441971931589053901e-01,1.578916821347751409e-01,1.063401681285964379e-01,1.172328127827701183e-01,2.254857199597055106e-01,2.706207369279135522e-01,1.472680944838509753e-01,1.357867274820908909e-01,1.376673078124224237e-01,8.700880681226709490e-02,8.264028199736386804e-02,4.557921726833472076e-02,1.733422805463778749e-01,1.776058731300138027e-01,9.498423293930362277e-02,1.161940605666532678e-01,1.414314152878830000e-01,1.101995986566368241e-01,7.134526900094970148e-02,1.026554324690944764e-01,1.777463593224247740e-01,9.840458806251731194e-02,1.803940724179736443e-01,1.604764230793253588e-01,1.299412078417304106e-01,1.301798357791362493e-01,1.692378159618067035e-01,1.541900983819744497e-01,6.555240765979665485e-02,1.213750734701787015e-01,7.494044711508432433e-02,1.727767483500239343e-01,9.826422999248882184e-02,8.937721311396645829e-02,1.403216832718612861e-01,1.158938698244563054e-01,1.244821053069892491e-01,nan,1.050508085323100527e-01,1.312104522239643245e-01,1.496954370815002378e-01,1.639088217064940678e-01,1.371917175285833068e-01,6.513191000043241918e-02,7.572865601222286691e-02,5.410524933416399618e-02,1.420515916803730683e-01,1.062329937556353715e-01,1.355451527298875969e-01,1.115673691510130350e-01,1.045517718524734824e-01,8.446660249870677206e-02,8.382977019649169581e-02,8.614161046631743646e-02,1.359884561733367414e-01,1.161903450175607588e-01,1.207358068426961362e-01,1.721492049205401165e-01,6.461045190365836965e-02,1.626361820811239034e-01,7.114853708262132426e-02,8.030928743135443137e-02
1.493412427550796784e-01,1.701761202300437481e-01,1.209493868543232431e-01,1.544319293789427616e-01,0.000000000000000000e+00,2.541313222390026993e-01,1.738315799251445026e-01,1.482348419210029467e-01,2.373107752525212000e-01,2.694449578237131937e-01,1.402745342351013613e-01,1.749395822890024432e-01,1.156999565985429301e-01,1.655267511527010460e-01,1.260485936166226006e-01,1.480208134810370724e-01,1.981649671766471388e-01,3.447536286661018745e-01,1.695964305104235570e-01,1.661728723276473807e-01,1.558616470452576508e-01,2.108557454080137727e-01,1.665205964737517252e-01,1.966035397011225427e-01,1.700535711711826936e-01,1.504215066231264220e-01,1.755685350646938037e-01,2.672387544582585095e-01,1.698914963573205372e-01,3.164141748197878967e-01,1.707865593214638600e-01,1.158202635157102173e-01,2.415235673114959347e-01,2.136832782674010223e-01,2.823937745334342830e-01,2.513376777497866033e-01,2.743900333598653374e-01,1.661408417320224262e-01,1.558382647104514240e-01,2.045921624335565459e-01,3.804575570585022604e-01,9.818953464349144955e-02,1.483261931797252298e-01,1.540865114357233834e-01,1.572677901931925359e-01,1.223687906688468718e-01,2.554530327368702558e-01,2.083422405081333528e-01,1.794079785010642136e-01,1.603546427547593578e-01,9.958933573349262880e-02,1.110853727480489300e-01,1.333799485268328255e-01,2.532278672588055835e-01,1.695622218342961174e-01,2.231567112906248096e-01,3.524815223501488459e-01,1.477591235147813209e-01,1.224670605362242204e-01,2.561195253706339825e-01,1.530152161344516260e-01,1.325442062257868592e-01,1.224640496602354550e-01,8.953217713559992463e-02,2.668862897840016402e-01,1.951329509947902219e-01,1.535995182598418052e-01,1.623144667786669826e-01,1.875752038347028861e-01,1.565898946673862646e-01,1.991373519986290863e-01,2.189665968933525164e-01,2.815216454757584752e-01,2.639255737080059006e-01,1.274926609897774343e-01,2.268295315685542879e-01,1.611247863959654192e-01,1.577308885447379350e-01,2.391749559178927564e-01,2.337799786355927445e-01,1.481106272711694150e-01,2.011619418868903497e-01,1.584324226501153954e-01,2.985171435755433755e-01,2.339061791823549841e-01,1.707797047740001184e-01,1.370049791560898900e-01,1.741333081359314472e-01,9.337559236582784750e-02,1.351850007126807474e-01,2.248256334450667304e-01,2.367791954875297089e-01,1.141216810297195766e-01,1.235017128361010491e-01,1.394577540466654109e-01,1.227104290017825006e-01,1.339137704335180978e-01,1.604238288413092073e-01,2.589269430159689134e-01,1.597640626326266855e-01,1.665198918006479956e-01,1.625466885969478192e-01,1.484383002644125704e-01,2.316206040009416989e-01,2.567393814571678479e-01,2.332727421232761444e-01,1.599787316845049934e-01,1.715066071111125412e-01,1.273491639213776838e-01,1.533760728247622329e-01,1.713826487060439996e-01,1.191585562529327846e-01,9.367892210639602868e-02,2.039537926627514874e-01,1.258417400300767264e-01,nan,1.691948309024780273e-01,1.919355928783173515e-01,1.093433567743908874e-01,1.486723798572396338e-01,2.111714389584931628e-01,1.199823831724062817e-01,1.740538081975903373e-01,1.566799647022836250e-01,2.289144030377817107e-01,2.025194625906666102e-01,1.985498468136764616e-01,1.293493464957727324e-01,1.693408263573365213e-01,1.360693654578853662e-01,1.333630363723428691e-01,1.299342892330754284e-01,2.228602360975203422e-01,1.221745571369772521e-01,2.071328292785268865e-01,2.372864960610375218e-01,1.494258675887207288e-01,2.496762507547209131e-01,1.424468492303848366e-01,1.836397326726489365e-01
2.187898520666941293e-01,1.059424762533171666e-01,2.210502511999461461e-01,1.644765319833504935e-01,2.541313222390026993e-01,0.000000000000000000e+00,4.106298015864753848e-01,1.515892140172292457e-01,9.653861368379075547e-02,1.191478580339940807e-01,2.150888448646147144e-01,1.259202790505490610e-01,1.820308358544081295e-01,1.436848958124801179e-01,2.963094027414986398e-01,1.786158618712594404e-01,9.792752437127945353e-02,1.840510695816643949e-01,1.450452352086713526e-01,1.284758080918893819e-01,1.872206892023260960e-01,9.236214432025470489e-02,1.570533133248879498e-01,1.700315341213927689e-01,1.466259451027621952e-01,2.226834272096707146e-01,1.700082158477777827e-01,5.430005941675490611e-02,1.383932492316660712e-01,1.002325741548326654e-01,1.081486155575806241e-01,2.593056727786381410e-01,8.379126942055051264e-02,1.062985283542840220e-01,1.351871147319919919e-01,7.522122731633258674e-02,1.288364725986262116e-01,2.031084411830180181e-01,2.718988858157311839e-01,8.712674346535811964e-02,3.161973917485982888e-01,1.927931159843882525e-01,1.523323238357279230e-01,1.071928225841323606e-01,2.084050845367494964e-01,2.223699758008849670e-01,5.647775555210336751e-02,8.909585636199697511e-02,1.419883632846094534e-01,1.920424469453221872e-01,2.188027924273265312e-01,2.557695590828359400e-01,1.551310932202440152e-01,7.373648108673407087e-02,1.262150886526810234e-01,1.123262380225591439e-01,1.644162504023843341e-01,2.740965049815583532e-01,2.675108863986880303e-01,1.043279420502464250e-01,1.392514770108407851e-01,3.468355533205317309e-01,2.631641423888098075e-01,2.724993954225075621e-01,1.070917340243400517e-01,1.236821732118519590e-01,1.345005068841757523e-01,1.473987793140007496e-01,1.321825808011812819e-01,1.752787862966705967e-01,1.125310416509850142e-01,8.738382102584388300e-02,8.946126139688630186e-02,1.150360264124291598e-01,1.823105910765963622e-01,1.314879012432675631e-01,3.394444293188854100e-01,1.907348299095295574e-01,6.045871015994477154e-02,1.676520452336071332e-01,1.805936870899082503e-01,1.436448575679489248e-01,3.786522486278893207e-01,1.628227923312348113e-01,8.302727565370440765e-02,1.133193786705060796e-01,2.485303241656429962e-01,1.448269787300829614e-01,1.763812793980810423e-01,1.507717932168807784e-01,1.456771347991601684e-01,9.782105467142214461e-02,1.799795324493956572e-01,1.778689083812858285e-01,2.918686169028655852e-01,2.517082717411671111e-01,1.974541441985384338e-01,1.451780340581323436e-01,5.476443899212527638e-02,1.070768077667788309e-01,2.151106897308308896e-01,1.571485082550852508e-01,1.935598643824581466e-01,8.282746879819602448e-02,1.030423620642437477e-01,1.233503362411775689e-01,1.406476906741319088e-01,1.550351936169429012e-01,1.911671148280837673e-01,3.181775231701321482e-01,1.718089118726206788e-01,1.667701148136700173e-01,2.924378646483121180e-01,1.349260013164575167e-01,2.807331803338549148e-01,nan,1.404109845724636485e-01,1.103475800084240122e-01,2.532040364956606449e-01,2.632913038534407946e-01,1.014861235452103883e-01,2.043231694914982854e-01,1.090886494779813587e-01,1.561838107760532834e-01,8.464437230442520277e-02,9.888139550899018027e-02,1.476181248328403139e-01,2.082248163445723499e-01,1.825156509497872503e-01,1.934605054748295416e-01,1.534366106504933547e-01,2.325471210099888109e-01,7.118178484088001634e-02,2.526176844121504894e-01,8.658414517547161071e-02,1.413307751564293890e-01,1.652330946520116084e-01,1.058235146211661537e-01,1.283391015097621324e-01,1.583884766729179439e-01
2.072420536096078736e-01,3.137354561076740600e-01,1.965453721394676001e-01,2.627382635893805718e-01,1.738315799251445026e-01,4.106298015864753848e-01,0.000000000000000000e+00,2.781524111831621959e-01,3.973913642311135419e-01,4.379918738378899556e-01,2.390682940344617258e-01,3.183818783702191957e-01,2.344339793370627534e-01,2.872693436770803466e-01,1.391971531206608326e-01,2.419202342077152734e-01,3.491919801794673983e-01,5.084074868314214513e-01,3.149271864484955996e-01,3.191892415635415037e-01,2.711771724351100255e-01,3.573085971720187382e-01,2.935459310733612992e-01,2.956005015991275409e-01,3.090167087602077034e-01,2.338266792440138742e-01,3.165011699175052096e-01,4.241642016454116870e-01,3.197413849709241918e-01,4.799856502931600377e-01,3.182120521522157630e-01,1.758983861384394720e-01,3.942063058633607509e-01,3.672669093518128314e-01,4.453307239074764112e-01,4.034732696671860519e-01,4.245453657333485009e-01,2.557501485418872123e-01,1.722191597413849917e-01,3.489024235950179409e-01,4.974586605125215222e-01,2.267566299329119295e-01,2.823580924499081712e-01,3.064808465045811836e-01,2.397969900849291069e-01,2.086131552859291083e-01,4.197863238965860444e-01,3.554786892439658064e-01,3.090708404668138787e-01,2.778006511820090285e-01,2.096380702847359667e-01,1.759395134232218660e-01,2.699327197338897699e-01,4.116463886304197461e-01,3.193561850279387215e-01,3.869564367884202882e-01,5.152023292649138275e-01,2.053762073532638399e-01,1.475030709333555179e-01,4.184425122877372116e-01,2.922881536443610595e-01,1.180568959470085916e-01,1.728155694319213620e-01,1.558549206201764181e-01,4.207884331113079246e-01,3.555996367730455687e-01,2.934531704684314457e-01,2.963922979229760002e-01,3.462180674980741557e-01,2.768472284726370414e-01,3.454699609066581023e-01,3.829135990698315228e-01,4.462040060665948826e-01,4.199379567362744869e-01,2.441421966262173338e-01,3.873905154203295398e-01,1.194620781770747292e-01,2.523487555312834973e-01,3.932216853538499923e-01,3.750885886198496721e-01,2.606658199912555984e-01,3.364330408406109862e-01,7.720110249310141448e-02,4.661610530378618167e-01,3.865131333449711160e-01,3.265487193367103691e-01,1.853889875609181781e-01,3.159617746871812294e-01,2.477589633618031972e-01,2.732200197628774641e-01,3.663303347357395046e-01,3.995447171137870290e-01,2.411596356840053357e-01,2.461584585596161001e-01,1.803729962860524672e-01,1.897727589393388425e-01,2.544823775670520538e-01,2.804239569636917118e-01,4.208478178355966048e-01,3.082758410834028906e-01,2.839855029524201435e-01,3.171244212471753254e-01,2.460424437422625843e-01,3.851773934462198179e-01,4.123155718342160769e-01,3.780704448889579128e-01,2.896463341784071832e-01,3.020099519060606696e-01,2.496724070832459508e-01,1.696964940911558917e-01,2.802081348103708791e-01,2.441076035829424506e-01,1.446560634718283000e-01,3.388051626914028724e-01,1.715043649694188155e-01,nan,3.130631339055064966e-01,3.527005475630321518e-01,1.818128356205847562e-01,1.966686899326236249e-01,3.647432827837150393e-01,2.315436024490593603e-01,3.192968003036500968e-01,2.881145670344312792e-01,3.874629686276330753e-01,3.530906161565527390e-01,3.227732089692073592e-01,2.356510138484280148e-01,2.927013483279228279e-01,2.342177087554031534e-01,2.763779161855404176e-01,2.213377578262757106e-01,3.805495489291371713e-01,1.902498866917679554e-01,3.646379661853001997e-01,3.836631790686463317e-01,2.770635631154879097e-01,4.048057424451836361e-01,2.935962831696836695e-01,3.147786285459871491e-01
1.092019096641111686e-01,1.045089789767185556e-01,1.198986551954426966e-01,9.482715489835891187e-02,1.482348419210029467e-01,1.515892140172292457e-01,2.781524111831621959e-01,0.000000000000000000e+00,1.482424011415704457e-01,2.009083876919233180e-01,1.115109312415218934e-01,1.016127725203113952e-01,1.025587641314984061e-01,1.218009522696079233e-01,1.699624761572253728e-01,9.821067483660392283e-02,1.076230575445665805e-01,2.758537034575426761e-01,9.067727092919153353e-02,1.094774368476768983e-01,1.250422563632782036e-01,9.450338963778201484e-02,8.885569095600116818e-02,1.582705400198269330e-01,1.023723460649612338e-01,1.408675486825015366e-01,1.169945692125117925e-01,1.558303851839276943e-01,1.143467279945804271e-01,2.179260509638806798e-01,8.600387890513017108e-02,1.408525583637490752e-01,1.286699135013765205e-01,1.370373300576711029e-01,2.115548451881236747e-01,1.546696604596710656e-01,1.651443058409392817e-01,1.251580149358667293e-01,1.785571818200745453e-01,1.052561887114571715e-01,3.027967514569917529e-01,1.048431221502779537e-01,6.469956102068694093e-02,7.027185968036668562e-02,1.076655301143652210e-01,1.149847774594292826e-01,1.639521911329702153e-01,1.074773183344730765e-01,8.774826514286444834e-02,1.175009088681508579e-01,1.326654099996316671e-01,1.254934393332511333e-01,6.354940639298657656e-02,1.501081192755320259e-01,1.252082389098066462e-01,1.680074567226614857e-01,2.776806645707979859e-01,1.448278115255692278e-01,1.455989160846440644e-01,1.639801858735464024e-01,1.081282440987631349e-01,2.128556076764525629e-01,1.528481445476719269e-01,1.467727733531068723e-01,1.680132222298739708e-01,1.396531406799775277e-01,6.789358795521482914e-02,9.644694211911217230e-02,1.269007996438197838e-01,9.119238696803186328e-02,1.028131511219516625e-01,1.425855417094408772e-01,1.907536638997570366e-01,1.577755391950391162e-01,7.117717243511002823e-02,1.666532031396389946e-01,2.150625157150109490e-01,1.339654678148567424e-01,1.270147004418620273e-01,1.472923096141434129e-01,1.153139879212623786e-01,1.161447334493908717e-01,2.368151978770121069e-01,2.393119828059762644e-01,1.383184898214774583e-01,1.203215231188831530e-01,1.458837321409410248e-01,8.740508934133883745e-02,7.846227516523784917e-02,5.721170462025326753e-02,1.603716189704405548e-01,1.483730219105289516e-01,8.424027431002092947e-02,1.070653408135451012e-01,1.626764125092288182e-01,1.212224797126214976e-01,9.036362733683214743e-02,1.005384022818596595e-01,1.594388880258422736e-01,9.284510164108758512e-02,1.772906920690643928e-01,1.527251470604721606e-01,1.348640541445188523e-01,1.214980068961872411e-01,1.510742901619626932e-01,1.477470800108263149e-01,7.141451914869081929e-02,1.061611170990530290e-01,7.898168330389185310e-02,1.907306018709070961e-01,1.076431086974277695e-01,7.966822709051687990e-02,1.551414711332264607e-01,1.138738923419650162e-01,1.480865402632594863e-01,nan,9.946960536704660405e-02,1.025396098353147101e-01,1.596292778862369588e-01,1.748489357033838898e-01,1.332488793295356078e-01,7.886957621920456796e-02,7.466735425678609761e-02,6.581896627658741228e-02,1.240058744112376016e-01,9.731497126054805547e-02,1.311112214387182562e-01,1.164323681981028341e-01,1.169621542497393529e-01,9.358199752403495442e-02,8.044977362376540264e-02,1.037180795095475200e-01,1.168001434970683955e-01,1.250672402278656392e-01,1.023048255693838754e-01,1.596515711807918736e-01,6.301417514009380327e-02,1.551070702735252993e-01,6.674657232588568356e-02,8.338883701711874430e-02
2.156034484139249530e-01,1.306631774671165869e-01,2.096055271995810043e-01,1.723143546715822649e-01,2.373107752525212000e-01,9.653861368379075547e-02,3.973913642311135419e-01,1.482424011415704457e-01,0.000000000000000000e+00,8.771501738460577013e-02,2.314006178701895899e-01,1.308916196751136740e-01,1.792163714780358463e-01,1.534193141288558715e-01,2.849313023800333911e-01,1.771566760569696364e-01,1.003987488849348991e-01,1.545004748535801498e-01,1.602453543624870469e-01,1.264394309444381581e-01,1.913001699223098317e-01,1.291437741330518918e-01,1.712643276858054897e-01,1.768548197238001551e-01,1.618541871195365578e-01,2.223828521003262393e-01,1.656915165365957232e-01,7.736349761291987093e-02,1.266371878418265096e-01,1.116979899199715548e-01,1.128344995139356904e-01,2.624180216943224342e-01,9.278603722275517718e-02,1.041233946665855309e-01,1.159659386646124252e-01,9.945756186309165359e-02,1.355254859441738513e-01,2.182544926914188055e-01,2.669743739219702650e-01,1.264883096333617729e-01,3.334945539979788376e-01,1.794072097667692156e-01,1.625058175569303875e-01,1.163471027525492252e-01,2.118268490061707143e-01,2.138058273262620490e-01,5.785052281939710023e-02,1.210226728571131283e-01,1.656387301150058500e-01,1.982866193788306863e-01,2.020721873533599111e-01,2.502738776078911043e-01,1.568608094451820478e-01,8.724826754515913052e-02,1.056937907088851408e-01,1.034356977785180487e-01,1.475188940475942734e-01,2.779469028816325404e-01,2.611349400947785560e-01,1.176989220103042549e-01,1.577397930503216528e-01,3.315150631883574950e-01,2.536775127601885171e-01,2.599439144270607738e-01,1.298508175008768473e-01,9.144017565578640983e-02,1.368211875983939840e-01,1.585544592194464142e-01,1.064627812486486774e-01,1.912093952143087139e-01,1.226977448859150471e-01,5.841829715744477347e-02,9.186727161784938311e-02,1.163513307911717282e-01,1.960177641683335525e-01,1.012216789477308615e-01,3.266582639737476979e-01,2.009582272987157359e-01,8.405084536749501956e-02,1.744998022110720304e-01,1.969118662146081833e-01,1.535216198512819596e-01,3.684341042563857305e-01,1.192000038436714926e-01,9.611689886179278219e-02,9.997664969578942684e-02,2.486117459397216289e-01,1.539450002642523962e-01,1.694037344471439055e-01,1.679473032640778629e-01,1.376207993875750435e-01,6.670486849038201327e-02,1.732131331848181244e-01,1.661487853197374243e-01,2.942001239584050576e-01,2.529106362397361973e-01,2.137228040224021797e-01,1.593554803548349053e-01,6.341615911518684590e-02,1.152536422791049925e-01,1.895906329726154416e-01,1.318297958209681819e-01,1.969974519661180090e-01,1.155535767765369509e-01,1.037466508008449695e-01,1.453818767686894664e-01,1.499140779272361002e-01,1.477756513021238061e-01,1.909668595442366446e-01,3.151900295161939036e-01,1.924467371233001822e-01,1.608672604071409162e-01,2.844601963795817534e-01,1.593697660004836647e-01,2.843298318553882931e-01,nan,1.360710310488578434e-01,8.698145268360338300e-02,2.480035489899952705e-01,2.614538367048204748e-01,1.040444712789656834e-01,2.084561413061756241e-01,1.370334863861961128e-01,1.800540996760105206e-01,7.501078630307668471e-02,1.224785274894579362e-01,1.445071212021723228e-01,2.101389647391188054e-01,2.000372836133074428e-01,2.014111399208523834e-01,1.519401412228961190e-01,2.358720249582400841e-01,7.860513162172506896e-02,2.561063928264278311e-01,8.924691265096421078e-02,1.407729943642166970e-01,1.768746786930876225e-01,1.148018827584108142e-01,1.409710715675613346e-01,1.830169938325088008e-01
2.733732541323471987e-01,1.765053018643408245e-01,2.526018612979117339e-01,2.306552659099972424e-01,2.694449578237131937e-01,1.191478580339940807e-01,4.379918738378899556e-01,2.009083876919233180e-01,8.771501738460577013e-02,0.000000000000000000e+00,2.945592509965518913e-01,1.818265447155122394e-01,2.373781676257160633e-01,2.118957788479555460e-01,3.310348604987484178e-01,2.339329567602974058e-01,1.451308850213724189e-01,1.294756751649175086e-01,2.211356447678822779e-01,1.658795361329141460e-01,2.465319993657942577e-01,1.912279088985799347e-01,2.320118256959047276e-01,2.334979812717107028e-01,2.245888632822071462e-01,2.824573872963455079e-01,2.005612400965402498e-01,1.251047800859380887e-01,1.623253571811794360e-01,1.122971542417317004e-01,1.766698750646617522e-01,3.185920631387100799e-01,1.389147073284401068e-01,1.443333231903113634e-01,1.128216872756857281e-01,1.439533122038171020e-01,1.667941377603887054e-01,2.784018654618892197e-01,3.179067365147189017e-01,1.884391330598987890e-01,3.608846209899695956e-01,2.249848255053226720e-01,2.246093628634071027e-01,1.769475803287300086e-01,2.727259157947671819e-01,2.707619277934282254e-01,8.650483742070423643e-02,1.819144366699071147e-01,2.283934574305376553e-01,2.472040653231966922e-01,2.446022200405827685e-01,3.051021856076924776e-01,2.172077328263957718e-01,1.276074586444972403e-01,1.370064525634886454e-01,1.068823179901441794e-01,1.340684782103865602e-01,3.389512222074525516e-01,3.135320618254556768e-01,1.372682706521269058e-01,2.168768567735901431e-01,3.784443060010921900e-01,3.074113353074857113e-01,3.060697017791394470e-01,1.583483743671955379e-01,1.056139704645877864e-01,1.974356945754584536e-01,2.180884460836991501e-01,1.232745518519289679e-01,2.537329256906196706e-01,1.722227471680949362e-01,8.097187233245195515e-02,1.066411276050883428e-01,1.333432414642466424e-01,2.587091349657192341e-01,1.054523440790643141e-01,3.724947509861419315e-01,2.602239899552051816e-01,1.353088950565580206e-01,2.086920786735489697e-01,2.556363118050361538e-01,1.928063766509770238e-01,4.189637782009374978e-01,6.918378034698745294e-02,1.509476411868617141e-01,1.414310309207355010e-01,3.030969421991886459e-01,2.049502004314521231e-01,2.167179850192904600e-01,2.300156789765584464e-01,1.521134267452270428e-01,8.312618613299424530e-02,2.299029953411498295e-01,2.113761785257277648e-01,3.507464249851458549e-01,3.080419536741495490e-01,2.772706088856075612e-01,2.206203365454682541e-01,1.037795782531474031e-01,1.739625850612505076e-01,1.984493348046053596e-01,1.501543073944231477e-01,2.528489453125625230e-01,1.755659085558525789e-01,1.173445995615011450e-01,1.898872362881023901e-01,2.136659817457635668e-01,1.920822289450883624e-01,2.505307629848030904e-01,3.672610797834091056e-01,2.544950616829195211e-01,2.183432815024911877e-01,3.396291817944500635e-01,2.041801208514373300e-01,3.454615048294130131e-01,nan,1.725281268667831491e-01,1.183768815973017252e-01,2.987514794131354567e-01,3.147216140857747035e-01,1.379054232602982266e-01,2.721983718848243750e-01,1.989094863413532477e-01,2.437152287865368971e-01,1.092386167266973518e-01,1.842178208624878077e-01,1.837028329460300424e-01,2.707380970302833423e-01,2.630954047305986698e-01,2.613712618292993173e-01,2.054898519065411211e-01,2.970022245248661319e-01,1.207026872068199530e-01,3.133458359424922124e-01,1.309766929370935196e-01,1.597251134283467489e-01,2.398451000395577515e-01,1.479303590789922684e-01,2.000788593264285764e-01,2.460690291366312843e-01
8.815588650278743943e-02,1.298135979487606839e-01,1.170148766101379856e-01,9.709927722960971785e-02,1.402745342351013613e-01,2.150888448646147144e-01,2.390682940344617258e-01,1.115109312415218934e-01,2.314006178701895899e-01,2.945592509965518913e-01,0.000000000000000000e+00,1.538766469731887854e-01,1.148805499012656856e-01,1.426752273771907109e-01,1.439203206903234000e-01,1.225309936050915649e-01,1.658474414760979510e-01,3.634233019380112006e-01,1.164361478083865836e-01,1.573608070428873795e-01,1.158384568940251658e-01,1.411842672120409703e-01,8.730195082342653845e-02,1.723982107709283729e-01,1.114711492417557598e-01,1.057266540999963061e-01,1.437895717989823852e-01,2.190752446737123105e-01,1.626233057816826588e-01,2.846591063784126296e-01,1.264505775917156016e-01,1.098660960949899429e-01,1.969511357248443506e-01,1.895129267476293178e-01,2.943276697901835992e-01,2.010220322452006270e-01,2.284741104703212622e-01,1.212880143112701481e-01,1.655143873427898371e-01,1.370715387337985425e-01,3.322878333384048366e-01,1.303463948763859404e-01,8.450644855966417401e-02,1.327912261792464077e-01,1.109237463625254855e-01,1.145363491206800866e-01,2.434979332258173090e-01,1.467850731018268684e-01,1.032998239918770239e-01,9.368481573599099499e-02,1.550438418777616012e-01,9.199955797778039401e-02,8.393989138425024532e-02,2.145593150577431718e-01,1.844939245967748276e-01,2.273498365638858265e-01,3.571979634947301530e-01,9.040943108857581179e-02,1.434843202226767089e-01,2.357432619638278326e-01,1.287902204185437938e-01,1.761002429520678036e-01,1.335156941910913275e-01,1.213743047358837035e-01,2.171496293259321253e-01,2.195113092025502977e-01,1.038969383555171933e-01,1.182109631119645510e-01,1.910222084134765574e-01,8.653552273131295824e-02,1.445240974178535198e-01,2.292382323595498761e-01,2.659994266523383333e-01,2.265628448293809938e-01,6.072014388143556068e-02,2.512854038177266824e-01,2.035804440401471349e-01,1.248993358455997155e-01,1.931314231353788990e-01,1.909847966777866168e-01,1.030392871270637833e-01,1.405146355799059277e-01,1.881850663754018049e-01,3.286954098554939474e-01,1.886574535996784208e-01,1.830031566151988365e-01,1.218799397184190669e-01,1.202910940530394629e-01,1.149244958784631232e-01,7.556132818067817780e-02,2.056547454128183072e-01,2.357021987402366514e-01,1.093744905133383349e-01,1.471910288707773407e-01,1.043861736730925249e-01,9.856166610346203671e-02,6.992605736999983612e-02,1.198730307189427580e-01,2.324401388206014385e-01,1.330882779230721236e-01,2.048774909793834864e-01,1.979903363692999407e-01,1.231695555594704283e-01,1.741022384581752402e-01,2.159544396807830391e-01,1.800354578693568186e-01,8.408364469741497205e-02,1.575637528967669954e-01,7.573486994777411940e-02,1.522341820907330834e-01,1.011357728902647912e-01,1.164731111157377430e-01,1.057413881739837774e-01,1.348589933104101246e-01,8.514167933209802752e-02,nan,1.421688236603603772e-01,1.907413641510370683e-01,1.510040790963528279e-01,1.514228471035533319e-01,1.770282974297048562e-01,5.661862611166185166e-02,1.126435971640110667e-01,7.170708660912904209e-02,1.977086593113742408e-01,1.496416256808503487e-01,1.598178740332765746e-01,1.096137590626566488e-01,1.021102717315579833e-01,1.006298816629644516e-01,1.191174930293416312e-01,7.089017829831054107e-02,1.891357344535500307e-01,1.069762316965165161e-01,1.783846650320385918e-01,1.994885354490609219e-01,8.566634048843457805e-02,2.088355757419487202e-01,1.100514891824670993e-01,8.844019006955441964e-02
