9.0098,0,4.5238,1.6334,0,3.3772,8.144,5.8291,2.9917,4.1078,2.0872,1.5828,0,8.7726,1.0998,0,6.0363,0,2.9442,1.4951,3.7923,1.0645,5.5678,3.7407,0,3.3883,2.9449,5.0518,8.512,7.8839,0,1.4201,3.0981,4.2217,0,0,0,0,0,0,0,0,2.081,0,0,0,0,0,0,1.0165,0,0,0,0,0,1.3198,0,2.7639,0,0,0,2.0656,0,0,0,0,0,0
0,7.4755,3.9685,0,0,0,1.2406,1.0946,6.5311,0,4.6213,0.96787,6.3753,1.2934,2.7696,4.6613,5.0016,2.4662,4.0716,0,1.9986,7.2892,3.2925,6.986,7.5001,5.8566,9.1864,3.1376,1.9094,1.3943,3.7925,1.5517,0,4.5364,0,5.4533,4.1759,0,0,0,0,0,1.1629,0,2.7702,0,5.0493,0,0,2.302,3.8068,1.1019,2.9883,0,0.37083,3.2017,2.6699,1.83,4.1337,5.4209,7.1396,0,0,0.73882,2.8394,0,0,1.7173
4.5238,3.9685,10.329,0,0,3.9617,8.0885,6.6628,2.2845,4.1543,2.6788,0,0,6.8707,0,3.1277,8.7963,3.4412,6.1326,0,7.0689,3.2669,9.6457,4.5267,0.60589,9.6193,9.8539,6.8343,4.4964,6.8542,0.5676,0,2.3562,5.8204,0,4.7389,7.1061,0,0,0,0,0,1.3193,0,0,0,0,0,0,3.3354,5.5256,0,3.0133,0,0.85281,3.6428,5.7298,1.2359,0.94411,5.7168,7.9277,0,0,0,0,0,0,2.1039
1.6334,0,0,9.9708,3.5129,5.4321,4.8099,4.3055,7.0852,8.6573,0,8.2116,1.1841,3.6838,5.7653,0,0,0,0,9.9223,0,0.74342,0,8.0533,0,0,0,9.2986,4.4021,1.3211,0,0.94419,1.2383,3.879,0,0,0,3.4985,0,1.7423,2.7262,0,5.4037,2.4246,0,4.8316,0,0,1.7073,0,0,0,0,4.4031,0,0,0,6.5934,0,0,0,4.2927,0,0,0,0,0,0
0,0,0,3.5129,6.6344,6.1605,1.9995,2.8783,4.4301,3.1466,1.2525,4.7286,1.3681,0.92762,6.3423,0,0,0,0,3.4508,0,1.5422,0,4.7392,0,0,0,3.6127,1.4073,0,0,5.4591,0,5.573,0,0,0,0,0,0,0,0,1.1687,0,0,1.2698,0,0,0,0,0,0,0,0,0,0,0,1.0184,0,0,0,0,0,0,0,0,0,0
3.3772,0,3.9617,5.4321,6.1605,10.131,7.8609,8.8613,5.8462,9.4967,3.656,9.0116,3.6034,6.5308,7.191,0,2.0916,1.3071,0.6572,6.1846,3.0491,1.347,4.0529,5.8779,0,2.1265,1.2833,7.2973,5.8296,4.097,0,5.8543,2.1674,5.6367,0,0,0,1.4289,0,1.6827,2.6829,0,4.5344,0,0,3.8505,0,0,1.2291,0,0,0,0,2.6846,0,0.93259,0,5.3125,0,0,0,3.043,0,0,0,0,0,0
8.144,1.2406,8.0885,4.8099,1.9995,7.8609,10.984,8.6499,5.7079,9.5654,1.4624,5.3107,2.5502,9.3702,4.3616,2.2571,5.5684,0,1.9126,4.2776,6.9618,2.8184,7.7548,6.9354,0,5.3331,6.025,10.498,7.9782,9.1955,0,2.3714,5.3416,6.5482,0,0.9637,0,0,0,0,3.5348,0,5.1025,0,0,2.9978,0,0,0,2.1536,0,0,0,2.9265,1.1033,3.0491,0,6.4077,0,0,0,5.2034,0,1.913,0,0,0,0
5.8291,1.0946,6.6628,4.3055,2.8783,8.8613,8.6499,9.9799,5.5738,8.4052,4.2889,7.0095,3.7579,9.2267,4.5129,0,6.2272,2.3101,2.29,5.5763,5.1625,2.0247,6.8219,6.0919,0.7719,4.3418,3.4706,7.1201,6.3064,6.8233,0.98893,5.6791,2.8982,5.5427,0,0,0,0,0,0,0,0,5.002,0,0,2.9967,0,0,0,0,0,0,0,0,0,2.0819,0,5.0643,0,0,0,2.8702,0,0,0,0,0,0
2.9917,6.5311,2.2845,7.0852,4.4301,5.8462,5.7079,5.5738,8.5237,7.1901,2.8221,7.1825,4.8814,5.0592,6.5527,3.3596,2.9533,0,0.97555,6.785,2.5934,7.8211,3.0624,9.4463,6.3776,3.0405,7.7462,7.8476,5.5754,4.9087,1.4793,2.4572,3.3997,4.6458,1.7914,2.5935,1.2868,4.5933,0.86091,3.3143,4.3412,3.443,5.9959,5.1695,0,4.5735,1.1203,3.0801,1.9224,3.6778,0,0,0,5.0635,2.6672,4.3358,2.2281,6.7482,1.6896,0,3.0163,6.4142,3.6004,3.8079,0,0,1.9165,2.7244
4.1078,0,4.1543,8.6573,3.1466,9.4967,9.5654,8.4052,7.1901,11.655,1.926,9.0984,2.7261,7.9222,5.4143,0,1.7901,0,0,8.9831,2.7453,1.0229,3.534,6.4677,0,1.7125,1.938,9.4244,7.2134,3.4476,0,3.0527,2.8543,6.6867,0,0,0,2.2488,0,1.8173,2.7954,0,6.0972,0,0,5.3217,0,0,1.8784,0,0,0,0,4.3372,0,0.94791,0,6.8502,0,0,0,3.713,0,0,0,0,0,0
2.0872,4.6213,2.6788,0,1.2525,3.656,1.4624,4.2889,2.8221,1.926,9.6279,3.5451,7.26,5.4327,1.4751,0.73777,5.7574,8.483,7.4388,1.1576,2.9244,4.137,4.0263,1.0996,5.1067,7.9472,6.2021,1.1409,6.0443,2.2542,5.5873,5.2695,1.1694,8.2562,0,3.4941,0,0,0,0,0,0,0,0,4.052,0,6.0159,0,0,0,0,2.1437,0.89441,0,0,1.3041,0,0,4.189,4.7381,5.2399,0,0,0,4.6826,0,0,1.9722
1.5828,0.96787,0,8.2116,4.7286,9.0116,5.3107,7.0095,7.1825,9.0984,3.5451,10.776,3.5847,6.4426,7.1108,0,0,0,0,9.2731,0,1.2239,0,7.2078,0,0,1.0554,7.4539,6.114,0.80484,0,4.2985,0.70703,6.2257,0,0,0,4.0426,0.90977,2.7167,2.7151,1.8335,4.8444,3.7357,0,5.114,0,0,2.4985,0,0,0,0,4.98,0,0,0,5.7317,0,0,0,4.6144,0,0,0,0,0,0
0,6.3753,0,1.1841,1.3681,3.6034,2.5502,3.7579,4.8814,2.7261,7.26,3.5847,8.5693,3.8106,2.0017,0.65743,0.73721,3.016,1.6483,2.4085,0,6.0293,0.90805,3.4951,7.8723,4.9975,7.9715,2.8003,4.1699,1.6639,6.5384,4.6242,0,6.2852,0,5.0223,0,0,0,0,0,0,1.675,0,5.2157,0,7.5529,0,0,0,0,2.5734,0.99994,0,0,2.5447,0,0,5.9674,5.3148,6.4942,0,1.3335,0,5.763,1.1573,0,3.0916
8.7726,1.2934,6.8707,3.6838,0.92762,6.5308,9.3702,9.2267,5.0592,7.9222,5.4327,6.4426,3.8106,10.02,3.1787,0.72348,7.0776,3.5925,3.8303,5.1239,5.4278,2.3055,7.2804,5.5709,1.092,5.1804,4.0763,6.8814,8.7698,8.2203,1.3397,5.0494,3.61,6.2379,0,0,0,0,0,0,0,0,4.015,0,0,0,0.59799,0,0,1.2327,0,0,0,0,0,2.0053,0,3.6626,0,0,0,2.1559,0,0,0,0,0,0
1.0998,2.7696,0,5.7653,6.3423,7.191,4.3616,4.5129,6.5527,5.4143,1.4751,7.1108,2.0017,3.1787,7.3424,1.1705,0,0,0,5.4177,1.593,3.7096,1.169,7.0093,1.1157,0,3.4007,6.0568,3.4046,2.2292,0,4.1288,1.5395,3.2096,0,0,0,2.0638,0,1.5267,0,0,3.1117,1.9678,0,2.4875,0,0,1.1753,0.85175,0,0,0,2.6435,0,1.5212,0,3.6352,0,0,0,2.5166,0,0,0,0,0,0
0,4.6613,3.1277,0,0,0,2.2571,0,3.3596,0,0.73777,0,0.65743,0.72348,1.1705,9.4203,4.2383,0,1.79,0,8.0858,8.1587,8.7394,7.6707,1.963,3.1318,8.497,6.8751,1.4707,4.0313,0,0,1.0268,3.5946,0,3.1448,3.636,0,0,0,0.79321,0,2.2232,0,0,0,0,0,0,8.0333,0.88242,0,0,0,6.0444,6.8291,7.6777,5.335,0,0.32443,6.8258,4.304,2.0405,4.4584,0,0,1.5551,1.9316
6.0363,5.0016,8.7963,0,0,2.0916,5.5684,6.2272,2.9533,1.7901,5.7574,0,0.73721,7.0776,0,4.2383,9.5504,5.8311,8.9655,0,6.6515,4.2754,9.0361,4.266,1.2431,8.8249,8.9427,5.3638,7.1616,7.7773,0.89972,0.8113,4.4826,8.2098,0,4.5585,5.6746,0,0,0,0,0,0.7902,0,0,0,0,0,0,1.6751,4.3443,0,2.7707,0,0,3.2092,3.1323,0,1.281,5.4824,7.0237,0,0,0,0,0,0,1.3954
0,2.4662,3.4412,0,0,1.3071,0,2.3101,0,0,8.483,0,3.016,3.5925,0,0,5.8311,8.1716,8.2683,0,2.0894,1.3974,3.7288,0,2.6654,8.2057,5.9935,0,4.2501,1.8202,3.6075,2.9123,0,6.4386,0,1.8168,0,0,0,0,0,0,0,0,2.1264,0,3.8918,0,0,0,0,2.033,1.3752,0,0,0,0,0,2.7565,4.7376,4.9416,0,0,0,3.4006,0,0,0
2.9442,4.0716,6.1326,0,0,0.6572,1.9126,2.29,0.97555,0,7.4388,0,1.6483,3.8303,0,1.79,8.9655,8.2683,9.437,0,4.7373,2.2685,6.0862,0.75988,2.6777,9.0148,7.6021,2.32,5.2569,4.9264,2.3897,1.7891,2.379,7.6571,0,3.5258,3.1067,0,0,0,0,0,0,0,0.89865,0,1.7851,0,0,0,2.5826,1.5325,3.0081,0,0,1.007,0,0,2.4342,5.6695,6.0546,0,0,0,1.9364,0,0,0.51861
1.4951,0,0,9.9223,3.4508,6.1846,4.2776,5.5763,6.785,8.9831,1.1576,9.2731,2.4085,5.1239,5.4177,0,0,0,0,9.2401,0,0,0,6.6542,0,0,0,8.2885,5.1474,0.51758,0,2.0142,0.76578,4.9859,0,0,0,3.7255,0,2.9908,3.7718,0,5.4002,3.6797,0,5.3987,0,0,2.1512,0,0,0,0,5.0264,0,0,0,6.8994,0,0,0,4.8564,0,0,0,0,0,0
3.7923,1.9986,7.0689,0,0,3.0491,6.9618,5.1625,2.5934,2.7453,2.9244,0,0,5.4278,1.593,8.0858,6.6515,2.0894,4.7373,0,10.729,5.0666,10.451,5.5259,0,4.9001,6.9205,9.0455,5.8158,9.5193,0,0,4.6869,8.1981,0,1.0198,1.531,0,0,0,0.99021,0,2.3216,0,0,0,0,0,0,6.3011,0,0,0,0,5.4095,5.2832,4.7994,5.0983,0,0,3.6142,4.2565,2.526,4.6652,0,0,1.8824,2.0585
1.0645,7.2892,3.2669,0.74342,1.5422,1.347,2.8184,2.0247,7.8211,1.0229,4.137,1.2239,6.0293,2.3055,3.7096,8.1587,4.2754,1.3974,2.2685,0,5.0666,8.4671,5.8513,8.8548,6.657,4.1199,8.586,5.878,2.761,3.5937,3.1266,0,1.1059,4.0442,0.87359,3.9392,3.773,0,0,0,1.8887,1.0456,3.4953,0,1.4555,0,3.776,1.7959,0,5.8112,2.1549,0,0.66698,0,3.9992,5.8372,5.0006,5.0086,2.8807,2.2833,6.2194,4.264,2.3028,3.2827,0,0,0.91167,1.6406
5.5678,3.2925,9.6457,0,0,4.0529,7.7548,6.8219,3.0624,3.534,4.0263,0,0.90805,7.2804,1.169,8.7394,9.0361,3.7288,6.0862,0,10.451,5.8513,11.108,6.1035,0,7.365,9.5899,8.2083,6.4026,8.7065,0,0,4.4418,8.3433,0,3.4691,6.1524,0,0,0,0,0,2.2289,0,0,0,0,0,0,7.7108,2.4857,0,0,0,5.2132,6.0733,8.1822,3.7814,0,1.7568,7.9197,2.1922,0,2.9145,0,0,0.41671,1.6949
3.7407,6.986,4.5267,8.0533,4.7392,5.8779,6.9354,6.0919,9.4463,6.4677,1.0996,7.2078,3.4951,5.5709,7.0093,7.6707,4.266,0,0.75988,6.6542,5.5259,8.8548,6.1035,10.389,6.0041,3.8397,8.5937,9.0978,6.4025,6.2238,0,2.237,4.6686,5.5736,2.5139,3.4667,1.3297,4.991,0.25811,3.6324,5.8789,4.0558,7.0795,5.0887,0,5.0284,0,2.8491,2.6245,6.5984,0,0,0,5.7841,5.3864,6.5555,4.3622,8.5955,0,0,4.4678,7.8978,4.1658,5.5954,0,0,3.2069,3.5515
0,7.5001,0.60589,0,0,0,0,0.7719,6.3776,0,5.1067,0,7.8723,1.092,1.1157,1.963,1.2431,2.6654,2.6777,0,0,6.657,0,6.0041,8.2581,5.3566,8.6496,0,1.5805,0,4.49,1.8439,0,4.0772,0,4.2221,0.64364,0,0,0,0,0,0.50438,0,3.4373,0,6.0695,0,0,0,1.0642,2.1498,2.2535,0,0,1.6583,0,0,5.2152,5.5258,6.6263,0,0,0,4.4796,0,0,1.9994
3.3883,5.8566,9.6193,0,0,2.1265,5.3331,4.3418,3.0405,1.7125,7.9472,0,4.9975,5.1804,0,3.1318,8.8249,8.2057,9.0148,0,4.9001,4.1199,7.365,3.8397,5.3566,11.488,10.067,4.349,4.965,5.3191,6.3237,3.0375,1.6196,7.0558,0,5.9945,5.7679,0,0,0,0,0,0,0,4.2345,0,6.4254,0,0,0.57894,5.4496,4.7546,5.7861,0,0,2.7434,2.0537,0,5.8051,8.4782,8.9068,0,0,0,6.2042,0,0,2.8001
2.9449,9.1864,9.8539,0,0,1.2833,6.025,3.4706,7.7462,1.938,6.2021,1.0554,7.9715,4.0763,3.4007,8.497,8.9427,5.9935,7.6021,0,6.9205,8.586,9.5899,8.5937,8.6496,10.067,11.643,7.8532,4.3909,5.5519,7.2021,1.7074,2.386,7.5746,0,7.7395,7.925,0,0,0,0,0,2.6799,0,4.5341,0,7.1795,0,0,6.8159,6.7635,4.3296,5.9652,0,3.2041,6.7012,7.9338,3.5414,6.7842,8.6819,10.233,1.4331,0,1.1534,6.1422,0,0,4.0082
5.0518,3.1376,6.8343,9.2986,3.6127,7.2973,10.498,7.1201,7.8476,9.4244,1.1409,7.4539,2.8003,6.8814,6.0568,6.8751,5.3638,0,2.32,8.2885,9.0455,5.878,8.2083,9.0978,0,4.349,7.8532,11.22,7.8549,9.3243,0,0.92906,6.3972,7.3714,2.1201,1.7722,0.58036,3.1348,0,2.5018,5.0055,2.9754,6.9187,2.7756,0,5.1315,0,1.9145,2.1075,5.7577,0,0,0,4.3655,4.8327,5.6443,2.9228,8.3829,0,0,2.7206,7.0865,3.4573,5.0918,0,0,2.7164,2.8498
8.512,1.9094,4.4964,4.4021,1.4073,5.8296,7.9782,6.3064,5.5754,7.2134,6.0443,6.114,4.1699,8.7698,3.4046,1.4707,7.1616,4.2501,5.2569,5.1474,5.8158,2.761,6.4026,6.4025,1.5805,4.965,4.3909,7.8549,10.462,8.8541,1.9521,5.9454,8.3247,8.0186,0,0,0,0,0,0,2.0255,0,4.4549,0,0,0,1.1582,0,0,3.0835,0,0,0,0,2.4011,2.9188,0.53157,4.4693,0,0,0,3.7055,1.6111,2.6739,0,0,1.1255,1.2798
7.8839,1.3943,6.8542,1.3211,0,4.097,9.1955,6.8233,4.9087,3.4476,2.2542,0.80484,1.6639,8.2203,2.2292,4.0313,7.7773,1.8202,4.9264,0.51758,9.5193,3.5937,8.7065,6.2238,0,5.3191,5.5519,9.3243,8.8541,10.655,0,1.1896,6.5386,7.9669,0,0.80197,0,0,0,0,2.4738,0,4.2594,0,0,0,0,0,0,5.0619,0,0,0,0,4.5844,4.1702,2.4474,5.9318,0,0,0.96627,5.2307,2.7796,4.318,0,0,2.1124,2.274
0,3.7925,0.5676,0,0,0,0,0.98893,1.4793,0,5.5873,0,6.5384,1.3397,0,0,0.89972,3.6075,2.3897,0,0,3.1266,0,0,4.49,6.3237,7.2021,0,1.9521,0,5.9778,1.9068,0,3.6321,0,3.6964,0,0,0,0,0,0,0,0,3.9661,0,6.514,0,0,0,0,2.5501,1.1714,0,0,0,0,0,4.6484,5.5104,6.3121,0,0,0,5.376,0,0,1.2172
1.4201,1.5517,0,0.94419,5.4591,5.8543,2.3714,5.6791,2.4572,3.0527,5.2695,4.2985,4.6242,5.0494,4.1288,0,0.8113,2.9123,1.7891,2.0142,0,0,0,2.237,1.8439,3.0375,1.7074,0.92906,5.9454,1.1896,1.9068,6.5667,0,7.7091,0,0,0,0,0,0,0,0,0,0,0,0,1.2854,0,0,0,0,0,0,0,0,0,0,0,0,0,0,0,0,0,0,0,0,0
3.0981,0,2.3562,1.2383,0,2.1674,5.3416,2.8982,3.3997,2.8543,1.1694,0.70703,0,3.61,1.5395,1.0268,4.4826,0,2.379,0.76578,4.6869,1.1059,4.4418,4.6686,0,1.6196,2.386,6.3972,8.3247,6.5386,0,0,7.8401,7.2527,0,0,0,0,0,0,0,0,2.3446,0,0,0,0,0,0,2.2686,0,0,0,0,2.0953,1.5862,0,3.45,0,0,0,2.7097,1.4921,2.0828,0,0,0,0
4.2217,4.5364,5.8204,3.879,5.573,5.6367,6.5482,5.5427,4.6458,6.6867,8.2562,6.2257,6.2852,6.2379,3.2096,3.5946,8.2098,6.4386,7.6571,4.9859,8.1981,4.0442,8.3433,5.5736,4.0772,7.0558,7.5746,7.3714,8.0186,7.9669,3.6321,7.7091,7.2527,9.268,0,3.1492,3.5173,0,0,0,1.7605,0,3.7402,0,1.8239,0,3.3579,0,0,3.2028,2.2598,0,1.252,0,2.7443,2.7511,2.9827,4.1665,2.4185,3.6364,5.3284,3.1187,1.2945,2.6382,1.2881,0,0.88904,1.6128
0,0,0,0,0,0,0,0,1.7914,0,0,0,0,0,0,0,0,0,0,0,0,0.87359,0,2.5139,0,0,0,2.1201,0,0,0,0,0,0,8.6662,1.0746,3.5649,1.5111,0,2.5535,8.0798,5.1292,3.2432,3.8338,2.0957,2.0124,0,8.4808,0.65827,1.6958,4.6743,1.4938,3.4244,1.9629,3.4538,1.7995,3.8403,4.3463,0,3.563,2.7793,5.5794,8.2335,7.7244,0,0.98459,3.1157,4.4127
0,5.4533,4.7389,0,0,0,0.9637,0,2.5935,0,3.4941,0,5.0223,0,0,3.1448,4.5585,1.8168,3.5258,0,1.0198,3.9392,3.4691,3.4667,4.2221,5.9945,7.7395,1.7722,0,0.80197,3.6964,0,0,3.1492,1.0746,8.0517,4.2055,0,0,0,2.4132,1.0762,6.7417,0,4.2349,0.59567,5.7873,2.1211,2.8989,5.0799,5.1286,2.3934,4.1791,0,2.4596,7.4658,4.4122,6.9776,7.6102,5.7121,9.2311,2.816,1.7771,2.5536,3.045,0,0,3.7888
0,4.1759,7.1061,0,0,0,0,0,1.2868,0,0,0,0,0,0,3.636,5.6746,0,3.1067,0,1.531,3.773,6.1524,1.3297,0.64364,5.7679,7.925,0.58036,0,0,0,0,0,3.5173,3.5649,4.2055,9.9946,0,0,2.8001,8.3416,6.0593,1.9543,3.2657,2.085,0,0,6.6309,0,3.6296,8.5961,3.3321,6.0416,0,6.6271,3.2418,9.4624,4.3178,0.74713,9.3063,9.7982,6.8269,3.1364,6.0733,0.25499,0,1.5993,4.5778
0,0,0,3.4985,0,1.4289,0,0,4.5933,2.2488,0,4.0426,0,0,2.0638,0,0,0,0,3.7255,0,0,0,4.991,0,0,0,3.1348,0,0,0,0,0,0,1.5111,0,0,10.201,2.6542,5.2842,4.3097,4.3719,6.8136,8.7809,0,8.0557,0,4.0641,4.8759,0,0,0,0,10.057,0,0,0,8.4001,0,0,0,9.3286,4.5035,1.1218,0,0,1.06,3.9379
0,0,0,0,0,0,0,0,0.86091,0,0,0.90977,0,0,0,0,0,0,0,0,0,0,0,0.25811,0,0,0,0,0,0,0,0,0,0,0,0,0,2.6542,6.5175,5.866,1.5531,3.201,4.2882,2.5612,1.502,4.0663,0,1.3518,6.516,0,0,0,0,2.9033,0,1.3811,0,5.02,0,0,0,3.3314,0.91358,0,0,5.2908,0,5.7708
0,0,0,1.7423,0,1.6827,0,0,3.3143,1.8173,0,2.7167,0,0,1.5267,0,0,0,0,2.9908,0,0,0,3.6324,0,0,0,2.5018,0,0,0,0,0,0,2.5535,0,2.8001,5.2842,5.866,10.171,7.7826,8.7918,5.7022,9.5655,3.8744,8.8489,0.9407,6.5387,7.3154,0,0,0.95245,0,6.2002,2.2245,1.466,2.8084,6.0677,0,1.139,0.79185,7.6258,5.5623,2.5802,0,5.5025,1.529,5.6323
0,0,0,2.7262,0,2.6829,3.5348,0,4.3412,2.7954,0,2.7151,0,0,0,0.79321,0,0,0,3.7718,0.99021,1.8887,0,5.8789,0,0,0,5.0055,2.0255,2.4738,0,0,0,1.7605,8.0798,2.4132,8.3416,4.3097,1.5531,7.7826,11.256,8.8437,5.7459,9.4658,2.5633,5.187,0,9.6657,4.1928,2.7369,7.3629,1.7631,5.166,4.3753,7.1324,3.3072,8.3249,6.9254,0,6.5388,6.3941,10.393,7.9873,9.4202,0,1.5939,5.1235,6.6467
0,0,0,0,0,0,0,0,3.443,0,0,1.8335,0,0,0,0,0,0,0,0,0,1.0456,0,4.0558,0,0,0,2.9754,0,0,0,0,0,0,5.1292,1.0762,6.0593,4.3719,3.201,8.7918,8.8437,9.8238,5.3936,8.425,4.6243,7.0098,2.0302,9.4221,5.2223,1.7282,3.9951,1.8332,1.1678,5.7768,4.5647,2.3443,5.7332,6.098,0,3.8582,2.6661,7.2439,6.0578,6.0484,0.81408,5.6569,2.4733,5.8082
2.081,1.1629,1.3193,5.4037,1.1687,4.5344,5.1025,5.002,5.9959,6.0972,0,4.8444,1.675,4.015,3.1117,2.2232,0.7902,0,0,5.4002,2.3216,3.4953,2.2289,7.0795,0.50438,0,2.6799,6.9187,4.4549,4.2594,0,0,2.3446,3.7402,3.2432,6.7417,1.9543,6.8136,4.2882,5.7022,5.7459,5.3936,8.6078,6.9026,2.0986,7.0266,3.1812,5.2077,6.2905,3.1329,2.7513,0,1.1021,6.848,1.7603,7.6979,2.362,9.4253,5.6618,2.458,7.341,7.8828,5.6455,4.876,0,2.0931,3.2697,4.5327
0,0,0,2.4246,0,0,0,0,5.1695,0,0,3.7357,0,0,1.9678,0,0,0,0,3.6797,0,0,0,5.0887,0,0,0,2.7756,0,0,0,0,0,0,3.8338,0,3.2657,8.7809,2.5612,9.5655,9.4658,8.425,6.9026,11.632,2.1831,9.276,0,7.8307,5.129,0,0,0,0,9.2235,2.0883,0.66142,2.8176,6.7736,0,0,1.9694,9.6884,7.0886,2.7572,0,2.0645,2.4769,6.5045
0,2.7702,0,0,0,0,0,0,0,0,4.052,0,5.2157,0,0,0,0,2.1264,0.89865,0,0,1.4555,0,0,3.4373,4.2345,4.5341,0,0,0,3.9661,0,0,1.8239,2.0957,4.2349,2.085,0,1.502,3.8744,2.5633,4.6243,2.0986,2.1831,9.3825,3.9234,7.5332,6.2142,2.3325,0.65463,5.1061,8.2715,6.5305,2.2396,3.4624,2.7891,4.2768,1.2979,5.2253,7.6549,5.3495,1.5334,6.93,3.8136,6.0351,5.3902,1.3567,8.545
0,0,0,4.8316,1.2698,3.8505,2.9978,2.9967,4.5735,5.3217,0,5.114,0,0,2.4875,0,0,0,0,5.3987,0,0,0,5.0284,0,0,0,5.1315,0,0,0,0,0,0,2.0124,0.59567,0,8.0557,4.0663,8.8489,5.187,7.0098,7.0266,9.276,3.9234,10.793,0.85388,6.8386,7.1025,0,0,0,0,9.6336,0,1.3829,0,7.6372,0,0,0.88441,7.5661,6.3488,0.99249,0,3.48,0.85608,6.1888
0,5.0493,0,0,0,0,0,0,1.1203,0,6.0159,0,7.5529,0.59799,0,0,0,3.8918,1.7851,0,0,3.776,0,0,6.0695,6.4254,7.1795,0,1.1582,0,6.514,1.2854,0,3.3579,0,5.7873,0,0,0,0.9407,0,2.0302,3.1812,0,7.5332,0.85388,8.8048,3.2268,0,0,0.70691,3.185,1.5467,0,0,4.2784,0,2.1081,7.873,5.1154,7.9966,0,4.4832,0,6.7059,3.7806,0,6.3431
0,0,0,0,0,0,0,0,3.0801,0,0,0,0,0,0,0,0,0,0,0,0,1.7959,0,2.8491,0,0,0,1.9145,0,0,0,0,0,0,8.4808,2.1211,6.6309,4.0641,1.3518,6.5387,9.6657,9.4221,5.2077,7.8307,6.2142,6.8386,3.2268,10.189,4.027,2.3885,6.0517,3.3971,3.3765,5.7556,5.0981,3.1557,6.2301,6.0328,0.68808,5.3473,3.7747,7.2636,8.7353,8.015,2.1419,5.1819,3.3772,6.5452
0,0,0,1.7073,0,1.2291,0,0,1.9224,1.8784,0,2.4985,0,0,1.1753,0,0,0,0,2.1512,0,0,0,2.6245,0,0,0,2.1075,0,0,0,0,0,0,0.65827,2.8989,0,4.8759,6.516,7.3154,4.1928,5.2223,6.2905,5.129,2.3325,7.1025,0,4.027,7.5082,0.82773,0,0,0,5.1345,1.7774,3.545,0,6.9323,0.32708,0,3.0676,5.7049,3.5625,1.4746,0,3.6184,1.1231,3.7608
1.0165,2.302,3.3354,0,0,0,2.1536,0,3.6778,0,0,0,0,1.2327,0.85175,8.0333,1.6751,0,0,0,6.3011,5.8112,7.7108,6.5984,0,0.57894,6.8159,5.7577,3.0835,5.0619,0,0,2.2686,3.2028,1.6958,5.0799,3.6296,0,0,0,2.7369,1.7282,3.1329,0,0.65463,0,0,2.3885,0.82773,9.9125,4.1613,0,2.0253,0,8.3609,8.639,8.6238,8.264,1.7087,3.0406,8.7121,7.0408,3.5278,5.2704,0,0,1.9382,3.6936
0,3.8068,5.5256,0,0,0,0,0,0,0,0,0,0,0,0,0.88242,4.3443,0,2.5826,0,0,2.1549,2.4857,0,1.0642,5.4496,6.7635,0,0,0,0,0,0,2.2598,4.6743,5.1286,8.5961,0,0,0,7.3629,3.9951,2.7513,0,5.1061,0,0.70691,6.0517,0,4.1613,8.8793,5.8582,8.6693,0,6.2278,3.7443,8.8823,3.9329,0.89311,8.3871,8.6621,5.6249,5.1579,7.9014,0.97238,0,2.3977,7.7579
0,1.1019,0,0,0,0,0,0,0,0,2.1437,0,2.5734,0,0,0,0,2.033,1.5325,0,0,0,0,0,2.1498,4.7546,4.3296,0,0,0,2.5501,0,0,0,1.4938,2.3934,3.3321,0,0,0.95245,1.7631,1.8332,0,0,8.2715,0,3.185,3.3971,0,0,5.8582,8.2228,8.1895,0,3.5727,0.58506,4.7382,0,2.2203,8.011,5.8188,0,4.213,4.2625,4.2386,2.2244,0.75066,6.4735
0,2.9883,3.0133,0,0,0,0,0,0,0,0.89441,0,0.99994,0,0,0,2.7707,1.3752,3.0081,0,0,0.66698,0,0,2.2535,5.7861,5.9652,0,0,0,1.1714,0,0,1.252,3.4244,4.1791,6.0416,0,0,0,5.166,1.1678,1.1021,0,6.5305,0,1.5467,3.3765,0,2.0253,8.6693,8.1895,9.2708,0,5.1083,2.2938,6.3485,0.96604,2.202,8.9355,7.5706,2.7871,4.6462,6.7087,2.4941,0,1.8356,7.6004
0,0,0,4.4031,0,2.6846,2.9265,0,5.0635,4.3372,0,4.98,0,0,2.6435,0,0,0,0,5.0264,0,0,0,5.7841,0,0,0,4.3655,0,0,0,0,0,0,1.9629,0,0,10.057,2.9033,6.2002,4.3753,5.7768,6.848,9.2235,2.2396,9.6336,0,5.7556,5.1345,0,0,0,0,9.5013,0,0,0,7.4564,0,0,0,8.2412,5.5929,0.95362,0,1.41,0.74068,5.16
0,0.37083,0.85281,0,0,0,1.1033,0,2.6672,0,0,0,0,0,0,6.0444,0,0,0,0,5.4095,3.9992,5.2132,5.3864,0,0,3.2041,4.8327,2.4011,4.5844,0,0,2.0953,2.7443,3.4538,2.4596,6.6271,0,0,2.2245,7.1324,4.5647,1.7603,2.0883,3.4624,0,0,5.0981,1.7774,8.3609,6.2278,3.5727,5.1083,0,10.659,5.4578,10.323,5.9406,0,5.0019,6.6412,9.2258,5.5983,9.4423,0,0,4.4146,7.8989
1.3198,3.2017,3.6428,0,0,0.93259,3.0491,2.0819,4.3358,0.94791,1.3041,0,2.5447,2.0053,1.5212,6.8291,3.2092,0,1.007,0,5.2832,5.8372,6.0733,6.5555,1.6583,2.7434,6.7012,5.6443,2.9188,4.1702,0,0,1.5862,2.7511,1.7995,7.4658,3.2418,0,1.3811,1.466,3.3072,2.3443,7.6979,0.66142,2.7891,1.3829,4.2784,3.1557,3.545,8.639,3.7443,0.58506,2.2938,0,5.4578,8.801,6.2678,8.8275,5.9359,3.5721,8.5795,5.807,3.8644,4.7799,1.3551,0,1.7503,3.2816
0,2.6699,5.7298,0,0,0,0,0,2.2281,0,0,0,0,0,0,7.6777,3.1323,0,0,0,4.7994,5.0006,8.1822,4.3622,0,2.0537,7.9338,2.9228,0.53157,2.4474,0,0,0,2.9827,3.8403,4.4122,9.4624,0,0,2.8084,8.3249,5.7332,2.362,2.8176,4.2768,0,0,6.2301,0,8.6238,8.8823,4.7382,6.3485,0,10.323,6.2678,11.004,6.1778,0.8502,7.3525,9.6621,8.3198,5.068,8.3467,0,0,3.4926,7.7847
2.7639,1.83,1.2359,6.5934,1.0184,5.3125,6.4077,5.0643,6.7482,6.8502,0,5.7317,0,3.6626,3.6352,5.335,0,0,0,6.8994,5.0983,5.0086,3.7814,8.5955,0,0,3.5414,8.3829,4.4693,5.9318,0,0,3.45,4.1665,4.3463,6.9776,4.3178,8.4001,5.02,6.0677,6.9254,6.098,9.4253,6.7736,1.2979,7.6372,2.1081,6.0328,6.9323,8.264,3.9329,0,0.96604,7.4564,5.9406,8.8275,6.1778,10.702,5.1496,3.1332,8.2501,9.5549,6.7515,6.4842,0,1.9988,4.664,5.6126
0,4.1337,0.94411,0,0,0,0,0,1.6896,0,4.189,0,5.9674,0,0,0,1.281,2.7565,2.4342,0,0,2.8807,0,0,5.2152,5.8051,6.7842,0,0,0,4.6484,0,0,2.4185,0,7.6102,0.74713,0,0,0,0,0,5.6618,0,5.2253,0,7.873,0.68808,0.32708,1.7087,0.89311,2.2203,2.202,0,0,5.9359,0.8502,5.1496,8.1365,4.9615,8.3343,0,1.4036,0,3.8585,1.3122,0,3.8823
0,5.4209,5.7168,0,0,0,0,0,0,0,4.7381,0,5.3148,0,0,0.32443,5.4824,4.7376,5.6695,0,0,2.2833,1.7568,0,5.5258,8.4782,8.6819,0,0,0,5.5104,0,0,3.6364,3.563,5.7121,9.3063,0,0,1.139,6.5388,3.8582,2.458,0,7.6549,0,5.1154,5.3473,0,3.0406,8.3871,8.011,8.9355,0,5.0019,3.5721,7.3525,3.1332,4.9615,11.176,9.7988,4.3907,4.5888,6.2036,6.8899,2.3945,1.0392,6.3858
0,7.1396,7.9277,0,0,0,0,0,3.0163,0,5.2399,0,6.4942,0,0,6.8258,7.0237,4.9416,6.0546,0,3.6142,6.2194,7.9197,4.4678,6.6263,8.9068,10.233,2.7206,0,0.96627,6.3121,0,0,5.3284,2.7793,9.2311,9.7982,0,0,0.79185,6.3941,2.6661,7.341,1.9694,5.3495,0.88441,7.9966,3.7747,3.0676,8.7121,8.6621,5.8188,7.5706,0,6.6412,8.5795,9.6621,8.2501,8.3343,9.7988,11.547,7.4284,3.6612,5.8419,6.9976,0.85053,1.7598,6.471
2.0656,0,0,4.2927,0,3.043,5.2034,2.8702,6.4142,3.713,0,4.6144,0,2.1559,2.5166,4.304,0,0,0,4.8564,4.2565,4.264,2.1922,7.8978,0,0,1.4331,7.0865,3.7055,5.2307,0,0,2.7097,3.1187,5.5794,2.816,6.8269,9.3286,3.3314,7.6258,10.393,7.2439,7.8828,9.6884,1.5334,7.5661,0,7.2636,5.7049,7.0408,5.6249,0,2.7871,8.2412,9.2258,5.807,8.3198,9.5549,0,4.3907,7.4284,11.215,8.1074,9.1331,0,0.48025,6.3667,7.3275
0,0,0,0,0,0,0,0,3.6004,0,0,0,1.3335,0,0,2.0405,0,0,0,0,2.526,2.3028,0,4.1658,0,0,0,3.4573,1.6111,2.7796,0,0,1.4921,1.2945,8.2335,1.7771,3.1364,4.5035,0.91358,5.5623,7.9873,6.0578,5.6455,7.0886,6.93,6.3488,4.4832,8.7353,3.5625,3.5278,5.1579,4.213,4.6462,5.5929,5.5983,3.8644,5.068,6.7515,1.4036,4.5888,3.6612,8.1074,10.319,8.588,2.9328,5.3038,8.1294,8.0286
0,0.73882,0,0,0,0,1.913,0,3.8079,0,0,0,0,0,0,4.4584,0,0,0,0,4.6652,3.2827,2.9145,5.5954,0,0,1.1534,5.0918,2.6739,4.318,0,0,2.0828,2.6382,7.7244,2.5536,6.0733,1.1218,0,2.5802,9.4202,6.0484,4.876,2.7572,3.8136,0.99249,0,8.015,1.4746,5.2704,7.9014,4.2625,6.7087,0.95362,9.4423,4.7799,8.3467,6.4842,0,6.2036,5.8419,9.1331,8.588,10.553,0,0,6.5951,8.0429
0,2.8394,0,0,0,0,0,0,0,0,4.6826,0,5.763,0,0,0,0,3.4006,1.9364,0,0,0,0,0,4.4796,6.2042,6.1422,0,0,0,5.376,0,0,1.2881,0,3.045,0.25499,0,0,0,0,0.81408,0,0,6.0351,0,6.7059,2.1419,0,0,0.97238,4.2386,2.4941,0,0,1.3551,0,0,3.8585,6.8899,6.9976,0,2.9328,0,6.4564,1.872,0,4.1846
0,0,0,0,0,0,0,0,0,0,0,0,1.1573,0,0,0,0,0,0,0,0,0,0,0,0,0,0,0,0,0,0,0,0,0,0.98459,0,0,0,5.2908,5.5025,1.5939,5.6569,2.0931,2.0645,5.3902,3.48,3.7806,5.1819,3.6184,0,0,2.2244,0,1.41,0,0,0,1.9988,1.3122,2.3945,0.85053,0.48025,5.3038,0,1.872,6.7537,0,7.7064
0,0,0,0,0,0,0,0,1.9165,0,0,0,0,0,0,1.5551,0,0,0,0,1.8824,0.91167,0.41671,3.2069,0,0,0,2.7164,1.1255,2.1124,0,0,0,0.88904,3.1157,0,1.5993,1.06,0,1.529,5.1235,2.4733,3.2697,2.4769,1.3567,0.85608,0,3.3772,1.1231,1.9382,2.3977,0.75066,1.8356,0.74068,4.4146,1.7503,3.4926,4.664,0,1.0392,1.7598,6.3667,8.1294,6.5951,0,0,7.2745,6.9392
0,1.7173,2.1039,0,0,0,0,0,2.7244,0,1.9722,0,3.0916,0,0,1.9316,1.3954,0,0.51861,0,2.0585,1.6406,1.6949,3.5515,1.9994,2.8001,4.0082,2.8498,1.2798,2.274,1.2172,0,0,1.6128,4.4127,3.7888,4.5778,3.9379,5.7708,5.6323,6.6467,5.8082,4.5327,6.5045,8.545,6.1888,6.3431,6.5452,3.7608,3.6936,7.7579,6.4735,7.6004,5.16,7.8989,3.2816,7.7847,5.6126,3.8823,6.3858,6.471,7.3275,8.0286,8.0429,4.1846,7.7064,6.9392,9.0821
