0.000000000000000000e+00,9.831965567003713158e-01,9.767595817111267564e-01,9.689420188857470473e-01,9.792160688698704485e-01,9.635416521269942747e-01,9.807408185673013312e-01,9.788579462561146638e-01,9.740079887703267936e-01,9.747524314546203161e-01,9.794467160464447320e-01,9.650430206923916732e-01,9.697566942142922253e-01,9.823164240540390724e-01,9.758086958181150239e-01,9.777178525226535299e-01,9.809058622412079043e-01,9.758726440724105888e-01,9.894392341959926673e-01,9.831535935969871742e-01,9.761125713992195863e-01,9.748079923089064680e-01,9.625408730991049655e-01,9.895127277179025516e-01,9.823030702712196582e-01,9.440347944630957944e-01,9.861498000917465756e-01,9.754740666399667193e-01,9.713722200286096786e-01,9.779851583131515813e-01,9.720907997518402066e-01,9.650590624113293270e-01,9.682408787859501098e-01,9.867159436501845571e-01,9.813300662329238477e-01,9.758830570162980722e-01,9.757864557965301167e-01,9.857687818308863426e-01,9.744021441020207508e-01,9.762308888966912956e-01,9.785081045202389527e-01,9.694143565996381495e-01,9.874568475493943343e-01,9.853981718451566563e-01,9.678193016900775714e-01,9.812667860282313637e-01,9.794462841929939545e-01,9.680439441262450595e-01,9.860840868484785915e-01,9.701898297233272350e-01,9.657460249737488400e-01,9.693286826291599434e-01,9.706228131673442228e-01,9.758850547348011384e-01,9.666835103076114599e-01,9.804715474421441535e-01,9.776474420759947437e-01,9.871430046470540676e-01,9.747502358949132750e-01,9.718847610802382464e-01,9.841051747067957045e-01,9.688944427524346370e-01,9.791216732033583003e-01,9.750073275193711364e-01,9.518429481060907138e-01,9.740220189965297370e-01,9.768340702757580818e-01,9.790240019938801774e-01,9.839925097524201414e-01,9.782011779284981445e-01,9.754026649209537325e-01,9.774732128233379891e-01,9.775431222238527562e-01,9.658318339873954717e-01,9.820600850447710473e-01,9.561006067649706619e-01,9.862963883859635628e-01,9.813180471916125303e-01,9.755033404636942462e-01,9.797431656328345895e-01,9.716624248097851524e-01,9.817470661696846568e-01,9.788552093183998659e-01,9.684069923821697623e-01,9.854063855334773692e-01,9.577731466069265842e-01,9.747600073373693386e-01,9.693688851514379312e-01,9.709176948272155716e-01,9.810088371807669239e-01,9.822114936268315777e-01,9.912236564169708553e-01,9.800147556318312692e-01,9.832156010240086230e-01,9.802644230065505893e-01,9.817627403340815073e-01,9.825406953855850833e-01,9.812751138924921124e-01,9.637909666304096401e-01,9.734454748885681408e-01,9.731134327256338867e-01,9.714873169914529649e-01,9.702867953865197403e-01,9.818776957227307589e-01,9.819159336959407680e-01,9.829982146813212029e-01,9.903595881193537620e-01,9.727311300411378703e-01,9.847229232769163509e-01,9.663753049604765222e-01,9.579139902209741209e-01,9.818498553553869357e-01,9.761392375378710184e-01,9.578905939855043572e-01,9.771698253685777713e-01,9.726684839846991837e-01,9.513508259805890654e-01,9.875803157938258803e-01,9.844857580629073901e-01,9.603653738786164240e-01,9.836152803701739833e-01,9.792027488874305297e-01,9.735817585218562442e-01,9.830563078570265789e-01,9.733663787198967299e-01,9.778526232693506293e-01,9.820150282462348779e-01,9.757967980052887347e-01,9.894931601981564739e-01,9.745831218589813272e-01,9.844562368549658604e-01,9.601132877791046516e-01,9.772466724226960277e-01,9.825840987045884045e-01,9.871565410329233847e-01,9.648808257396173094e-01,9.840386329634104312e-01,9.764316312527536734e-01,9.764392529607021087e-01,9.814028988124203767e-01
9.831965567003713158e-01,0.000000000000000000e+00,9.616431870917252489e-01,9.692327593712832812e-01,9.731961916688995906e-01,9.669273415320110976e-01,9.834719691491827787e-01,9.664812676412696257e-01,9.636381370296092097e-01,9.663927073497410314e-01,9.892621684340613397e-01,9.515200020380228940e-01,9.680027397912186471e-01,9.803137941633472963e-01,9.797352168760828928e-01,9.668183705852105847e-01,9.709104685083987940e-01,9.871482937679590952e-01,9.830357041517797656e-01,9.706524630581667701e-01,9.863957831103956631e-01,9.792339990203526856e-01,9.497142284332397155e-01,9.834016423871801971e-01,9.807549522977342393e-01,9.200792327385042269e-01,9.872947683503260352e-01,9.571668438503572185e-01,9.865728376272152600e-01,9.802771093728690488e-01,9.786197402945683299e-01,9.705892567849107033e-01,9.564820352893219635e-01,9.856123691645667373e-01,9.809807223212414495e-01,9.651748903411055958e-01,9.560261050399281313e-01,9.824117387060047335e-01,9.889751839481060181e-01,9.738528657717031578e-01,9.714820378966425585e-01,9.547330086759771017e-01,9.849480062446297479e-01,9.848258358710254567e-01,9.796850005219005508e-01,9.836348164142177941e-01,9.840499714425183786e-01,9.699960210145557316e-01,9.823781878144006718e-01,9.511033425533087504e-01,9.705881597818823980e-01,9.614471281276422143e-01,9.564271649187526814e-01,9.745498624809286747e-01,9.480871002717199403e-01,9.779790325697744757e-01,9.633229331412332952e-01,9.873447249457343311e-01,9.660547323063118919e-01,9.671414076581056340e-01,9.706352064758586584e-01,9.780154249067262162e-01,9.749242501571534492e-01,9.785510022561237919e-01,9.433729874362930534e-01,9.784540100252445693e-01,9.754210227107876774e-01,9.730752509033945286e-01,9.857660741487309641e-01,9.596601759867734449e-01,9.729648472820119354e-01,9.761783776634107568e-01,9.765172063999092433e-01,9.679966819982935844e-01,9.651400813916891641e-01,9.619801496344763114e-01,9.831172917804572586e-01,9.698932547226812861e-01,9.637136477094926379e-01,9.639452424250937179e-01,9.755574938767126447e-01,9.655668776358204974e-01,9.737893203601538650e-01,9.837344181285611056e-01,9.675579908180360622e-01,9.569707509866736128e-01,9.716646553909968897e-01,9.615781588434386684e-01,9.694636971813301862e-01,9.674003223567133603e-01,9.877607681735074419e-01,9.827518324560592378e-01,9.675732643646026698e-01,9.829829914398802160e-01,9.778714060116914242e-01,9.698295870336545166e-01,9.696666258125551385e-01,9.877578662531640852e-01,9.601973283707886386e-01,9.711801598815827941e-01,9.803110460078363619e-01,9.798950616252107837e-01,9.516519435195459620e-01,9.704362807887504383e-01,9.717943158024787698e-01,9.824643369798383707e-01,9.812843085855839087e-01,9.875177954786054091e-01,9.809637347785693517e-01,9.686464115664541463e-01,9.598992587694906709e-01,9.719721692745043606e-01,9.735950789721973253e-01,9.421622509129440326e-01,9.729085917629447522e-01,9.691507080595604950e-01,9.217309700860234489e-01,9.829757255784408176e-01,9.750583348373353942e-01,9.376880762560101390e-01,9.845562047089589930e-01,9.723051020014162882e-01,9.581275481789069959e-01,9.730422210926513715e-01,9.705294415751821724e-01,9.815437911945700256e-01,9.838844631412229091e-01,9.743722946338423396e-01,9.829648215984155835e-01,9.735167040418564177e-01,9.842924156823614767e-01,9.460572297046911938e-01,9.619027503147125069e-01,9.633818973223120530e-01,9.825420436460789997e-01,9.653059037583674451e-01,9.692248766135428406e-01,9.727416704933016245e-01,9.604283461015804546e-01,9.871511555926114623e-01
9.767595817111267564e-01,9.616431870917252489e-01,0.000000000000000000e+00,9.486149045549586711e-01,9.598147600388263756e-01,9.422617217930104871e-01,9.621756856445857764e-01,9.593557028863085590e-01,9.549665037544446955e-01,9.616469851260278645e-01,9.616252958618546343e-01,9.671570702268862396e-01,9.605271146290592643e-01,9.745162847164368092e-01,9.530124201835871167e-01,9.900057827360270180e-01,9.832811557743011965e-01,9.523343968707614904e-01,9.710819032433362086e-01,9.603675282200438978e-01,9.494520074874499560e-01,9.510117712503848297e-01,9.613206395041532515e-01,9.765603801291441455e-01,9.638985315111751051e-01,9.798471433714458501e-01,9.676786841461365585e-01,9.911800067889854349e-01,9.457057074056181012e-01,9.638964802509155660e-01,9.428561863124494957e-01,9.480199985835910947e-01,9.864240080735837690e-01,9.727788263375354294e-01,9.697335290577935307e-01,9.849118803985894566e-01,9.732510257157254152e-01,9.704963644184674276e-01,9.540616812160114257e-01,9.667894939214898287e-01,9.607365669520903095e-01,9.879666211515812924e-01,9.700268180027770137e-01,9.767895691684511661e-01,9.382701330969956954e-01,9.615176124669612134e-01,9.572498278860110954e-01,9.462059527548566384e-01,9.747686219580283806e-01,9.886455120505532879e-01,9.474294045165158051e-01,9.547156389716316971e-01,9.878351538554438482e-01,9.608750236043711590e-01,9.878593745129158332e-01,9.640350243737739744e-01,9.879942097834206738e-01,9.679502094355578734e-01,9.601402606123907724e-01,9.809342121403750170e-01,9.691036030128041823e-01,9.557532411260214467e-01,9.554664485386286099e-01,9.568908068051814597e-01,9.305685034437616299e-01,9.537700304422405129e-01,9.538818658283556573e-01,9.663707665195445662e-01,9.673531335000691289e-01,9.903954197849466068e-01,9.516366016647750392e-01,9.501602732202363288e-01,9.659603733756615407e-01,9.441920303262306691e-01,9.889863469772747218e-01,9.339360039377024858e-01,9.740214888599499909e-01,9.885787811971935568e-01,9.896651624567308625e-01,9.867931203314926902e-01,9.441322199527384385e-01,9.704290658642812373e-01,9.572344743758055552e-01,9.396289599682614568e-01,9.758995001421384430e-01,9.324987997945161089e-01,9.626989695983598772e-01,9.499109810153457678e-01,9.540362988290629342e-01,9.862168016144345906e-01,9.604561728456711966e-01,9.782141110780532278e-01,9.892614411309842426e-01,9.695757060026208851e-01,9.786092776176705810e-01,9.879151393065069842e-01,9.739604485805515299e-01,9.602851972790816815e-01,9.484108206883407055e-01,9.647908618232343692e-01,9.460882154028460445e-01,9.457127273641968701e-01,9.854387930357200176e-01,9.835985957215281905e-01,9.868299187275410000e-01,9.708815710982625635e-01,9.768653904334783089e-01,9.485953775626275730e-01,9.761183387922728327e-01,9.433905427058127957e-01,9.312974259098396601e-01,9.632865505192096389e-01,9.656387552751286574e-01,9.664634002665982715e-01,9.522815175795336096e-01,9.501296071932443521e-01,9.772823721328048885e-01,9.732713342531811307e-01,9.786724912615247796e-01,9.833692205108450768e-01,9.728202110035206740e-01,9.533120530688375949e-01,9.841412970467510180e-01,9.845658008930330274e-01,9.496663333245046745e-01,9.497340089141147468e-01,9.588770114171241143e-01,9.516654281923955239e-01,9.766447319768657431e-01,9.508397577374978482e-01,9.709775471230581712e-01,9.726480457523036804e-01,9.861586403776855247e-01,9.697221931726749400e-01,9.751198914513167226e-01,9.453044101079873807e-01,9.716524610087565739e-01,9.538104359070470606e-01,9.876399549984089532e-01,9.663435410834126937e-01
9.689420188857470473e-01,9.692327593712832812e-01,9.486149045549586711e-01,0.000000000000000000e+00,9.860023832611082284e-01,9.903752242345267298e-01,9.787639052362276937e-01,9.729891916164107313e-01,9.872676846070870260e-01,9.867015858761017943e-01,9.675546596624245987e-01,9.724314548492609678e-01,9.875014954583080096e-01,9.788690655167154864e-01,9.857690856494432108e-01,9.514699003492722573e-01,9.597321501555804435e-01,9.688224500653441762e-01,9.742634976767213795e-01,9.757227675256405774e-01,9.718273046353316236e-01,9.776916541110172165e-01,9.783060074259556371e-01,9.740720218298850597e-01,9.810472645251112622e-01,9.171464369346921108e-01,9.783354373001507120e-01,9.435401920426429445e-01,9.708367420517858282e-01,9.803104680812637639e-01,9.751487588611739143e-01,9.879772665388419917e-01,9.446103124237171800e-01,9.794462387947345805e-01,9.777573469913426463e-01,9.544885053853517931e-01,9.710813376713923750e-01,9.764444809441173989e-01,9.628768240236553755e-01,9.755869908380132571e-01,9.819375656742101999e-01,9.406132444877323140e-01,9.736476012285467663e-01,9.753121469653829312e-01,9.759363800831488689e-01,9.781045659267731951e-01,9.761669721239600861e-01,9.813736370252224006e-01,9.820375549256911141e-01,9.496822194771313841e-01,9.879655559268228915e-01,9.867903132880133654e-01,9.446222126259372631e-01,9.895743077280375610e-01,9.288344059133463171e-01,9.780048504414422528e-01,9.621557342686564152e-01,9.805433204871625286e-01,9.846625689332174636e-01,9.617175375485258471e-01,9.741913432027793363e-01,9.760025196967728744e-01,9.872991014699828982e-01,9.867777986594464812e-01,9.617023806502197347e-01,9.853994058737934880e-01,9.849186070899097478e-01,9.699869800469796965e-01,9.793474201952276914e-01,9.458977880709632524e-01,9.877828510770916282e-01,9.859257975226264348e-01,9.878515945062579240e-01,9.865692077348120481e-01,9.509747574950350169e-01,9.873414843027585874e-01,9.781595378261235263e-01,9.520207315316684404e-01,9.522715338188861844e-01,9.457728375500993323e-01,9.812700328886381218e-01,9.729406873219685892e-01,9.856334292617007220e-01,9.718597521520465632e-01,9.689322692033448536e-01,9.857060432969844133e-01,9.774784279470942749e-01,9.862081403675991842e-01,9.909483562013643443e-01,9.671887376862000618e-01,9.819066488724648156e-01,9.680085235179677339e-01,9.521326271781921369e-01,9.787060894681155476e-01,9.651165463420464663e-01,9.563433741432112445e-01,9.790139327188174256e-01,9.613743952858014863e-01,9.870157085563582289e-01,9.773324289411208232e-01,9.792503788952388044e-01,9.793210711288307113e-01,9.424973647890668715e-01,9.721852233906141949e-01,9.576714237595358448e-01,9.775307314836596539e-01,9.658564699614955451e-01,9.670124157880725102e-01,9.740667364203556833e-01,9.881455810892364466e-01,9.866000589707427659e-01,9.829494415863668788e-01,9.765306649793072946e-01,9.679863725182130674e-01,9.860218952650573465e-01,9.890784004383191830e-01,9.339348173560153565e-01,9.771686898886919881e-01,9.733874158425482870e-01,9.365931032171652681e-01,9.770924477510475326e-01,9.840848458145683431e-01,9.629413121702224965e-01,9.615354229848325218e-01,9.873730531266781130e-01,9.800958614998274143e-01,9.853404445206550566e-01,9.877544553332818777e-01,9.701255239986155132e-01,9.869828077248861131e-01,9.798823936511905641e-01,9.308179616160672243e-01,9.578251281998770850e-01,9.709800420701041324e-01,9.785847873187547563e-01,9.879377788131545879e-01,9.765058446813766890e-01,9.852931183547244398e-01,9.600314197923899284e-01,9.707947433792541991e-01
9.792160688698704485e-01,9.731961916688995906e-01,9.598147600388263756e-01,9.860023832611082284e-01,0.000000000000000000e+00,9.829765317739519448e-01,9.781583164336070668e-01,9.860347794858432824e-01,9.868437940155176946e-01,9.840172810055827224e-01,9.698993979975135682e-01,9.698184058999413937e-01,9.811864838149716439e-01,9.760672797910432408e-01,9.792251160067712012e-01,9.598639657349781196e-01,9.653411634892993254e-01,9.702467541538510876e-01,9.822062405693395837e-01,9.869169301498355029e-01,9.732571179939415451e-01,9.722151495720612324e-01,9.723783191262521663e-01,9.811419478278806672e-01,9.792334084833353991e-01,9.278118337022366324e-01,9.793558310557765045e-01,9.583324774322097284e-01,9.673179433068403998e-01,9.743880558657589397e-01,9.687838193942984732e-01,9.789805951153183194e-01,9.511864398521018282e-01,9.833300796561494916e-01,9.751169512036482745e-01,9.588997406396556622e-01,9.826640374868070849e-01,9.841669622273581108e-01,9.635802499406466159e-01,9.704929598715114070e-01,9.865677928869239777e-01,9.499825387731356541e-01,9.836471873356663620e-01,9.791206316620703065e-01,9.683082584990978514e-01,9.741213352862311270e-01,9.741159956213761850e-01,9.711592657478504975e-01,9.832468905110203217e-01,9.567025939330724427e-01,9.810690721776842427e-01,9.841052216584652568e-01,9.518141881086398248e-01,9.863589659953418964e-01,9.457684462178651552e-01,9.772906352112047390e-01,9.686170527535523656e-01,9.836448695665247488e-01,9.853330273397880035e-01,9.608155077758118168e-01,9.867369648528196979e-01,9.675512892653089780e-01,9.858492457488180483e-01,9.790738110101628866e-01,9.588016096731842852e-01,9.799862663576968114e-01,9.823064910108884051e-01,9.705516843779498082e-01,9.795844363426507995e-01,9.614389726879968290e-01,9.861063843021190545e-01,9.852855813371815819e-01,9.837152873239711770e-01,9.767812657831518308e-01,9.623805133996200523e-01,9.750680412789852758e-01,9.820349149627366492e-01,9.651217608042064189e-01,9.601876478034317985e-01,9.622223072039088887e-01,9.727867542144434942e-01,9.854884068360827420e-01,9.827814768474505414e-01,9.702222465827199382e-01,9.844678974845870734e-01,9.737341070482722349e-01,9.723768621971980997e-01,9.815750925892330336e-01,9.837294250036122678e-01,9.712065489421137787e-01,9.790476742467827398e-01,9.793832944067952795e-01,9.622231093804738400e-01,9.768526747890077244e-01,9.687820722935913675e-01,9.656583949832863167e-01,9.863856562875839007e-01,9.706104935302503067e-01,9.775108475508825778e-01,9.698699238950561075e-01,9.741819101733858455e-01,9.706462076437173403e-01,9.534277595477854694e-01,9.748592808890118588e-01,9.690266209370521633e-01,9.759629070043089882e-01,9.797327156110586799e-01,9.708915327240806858e-01,9.761461125139442307e-01,9.805421176010861162e-01,9.767710538429105194e-01,9.899066501681104135e-01,9.718468126994598277e-01,9.649687254538709125e-01,9.851870039789589750e-01,9.865814678869092580e-01,9.461886415370786008e-01,9.830315390649817520e-01,9.769865587711862309e-01,9.463810654920221666e-01,9.763628975915423780e-01,9.851857155668386490e-01,9.661866252888164919e-01,9.715374704524638583e-01,9.831116353617993520e-01,9.761015036461493377e-01,9.839155888311856835e-01,9.877339409901452205e-01,9.797956332602540952e-01,9.820672846400320122e-01,9.781055340442607049e-01,9.424655630322295030e-01,9.651792598290191982e-01,9.850673030398894303e-01,9.816936697962164171e-01,9.807128618313118995e-01,9.876189369999039958e-01,9.832556909268476142e-01,9.665276107262896765e-01,9.731223439032266054e-01
9.635416521269942747e-01,9.669273415320110976e-01,9.422617217930104871e-01,9.903752242345267298e-01,9.829765317739519448e-01,0.000000000000000000e+00,9.773416595495713066e-01,9.677893969948671016e-01,9.841392490409942573e-01,9.832256560494689879e-01,9.657625309759594323e-01,9.677391778910205966e-01,9.861831266301838150e-01,9.749122749468905891e-01,9.823547099713991759e-01,9.466537960396049778e-01,9.537394034583784874e-01,9.685035183533970971e-01,9.701182192878807786e-01,9.711115096304712146e-01,9.710436604350876078e-01,9.761837749707636958e-01,9.744024726196751640e-01,9.713672227046946661e-01,9.776785208315441622e-01,9.101793879173090129e-01,9.753931163480715760e-01,9.368132873135007754e-01,9.702595040473789290e-01,9.788721505022536240e-01,9.705426902334164385e-01,9.884389512307959480e-01,9.384705953502635589e-01,9.767040027266098434e-01,9.742871334684128914e-01,9.495146388051770581e-01,9.647575901942369025e-01,9.739396582555317483e-01,9.600117329115801512e-01,9.731048816756159292e-01,9.775400470115771512e-01,9.337801705273115482e-01,9.682323169345595781e-01,9.725818911578267834e-01,9.752399533176056012e-01,9.751743392299511148e-01,9.716372294843299562e-01,9.789853276153306361e-01,9.793658186264531107e-01,9.427836186631312065e-01,9.868314109769099618e-01,9.846339949704835393e-01,9.399142608814576860e-01,9.871944261496564677e-01,9.215652078262043245e-01,9.733009410291176833e-01,9.551557442495408612e-01,9.785098055498704372e-01,9.816575553441497792e-01,9.587169625566874798e-01,9.687424816453362730e-01,9.749590100963395622e-01,9.834963817091737504e-01,9.839459490110152862e-01,9.596263407272176416e-01,9.852426693530238477e-01,9.831115320762827681e-01,9.678551300794275836e-01,9.764125810620621904e-01,9.390728315230728596e-01,9.840911070939570848e-01,9.837857825238043308e-01,9.861911625833380546e-01,9.857085937075833471e-01,9.451164384784092043e-01,9.874789904197496249e-01,9.758700782549911690e-01,9.462597581190947960e-01,9.472601248932861484e-01,9.403438079344957901e-01,9.789072106311641486e-01,9.671927960530543045e-01,9.830325195772222635e-01,9.711138813506833278e-01,9.651156525314081858e-01,9.855321263485716798e-01,9.735985967269167318e-01,9.840697932430639838e-01,9.886479469388653740e-01,9.611774564384861774e-01,9.796739363672947176e-01,9.630959690646466731e-01,9.457475163721413836e-01,9.763064091891821006e-01,9.621561005592697002e-01,9.507663817071492218e-01,9.737918814375438048e-01,9.589631331567712857e-01,9.871300037828441010e-01,9.752685795594133733e-01,9.758504605447247959e-01,9.766680543165082717e-01,9.349296101118856894e-01,9.667134809979236465e-01,9.515602893389111250e-01,9.754568375233712008e-01,9.599842097850532774e-01,9.677353484216223434e-01,9.699617676042420200e-01,9.876231422690370243e-01,9.873135404022095329e-01,9.796168209168785168e-01,9.733190419353978662e-01,9.637993492735585921e-01,9.855076454711395595e-01,9.870547305500678714e-01,9.275574877898625781e-01,9.743254975876467494e-01,9.694300163800527725e-01,9.310025514620419163e-01,9.731203456895508586e-01,9.815864033311826331e-01,9.572235337947233580e-01,9.576236475910587798e-01,9.840798080260790837e-01,9.763606642866851093e-01,9.833840494440456714e-01,9.873648632274879544e-01,9.668514544709674308e-01,9.832130422813122328e-01,9.758246692911264342e-01,9.236862072984892702e-01,9.522267289690912184e-01,9.644428715368505989e-01,9.742851976361104338e-01,9.872885132600367486e-01,9.715809808541603365e-01,9.830839762170565654e-01,9.522006222975646361e-01,9.685040450393002098e-01
9.807408185673013312e-01,9.834719691491827787e-01,9.621756856445857764e-01,9.787639052362276937e-01,9.781583164336070668e-01,9.773416595495713066e-01,0.000000000000000000e+00,9.679409815688657659e-01,9.767965614953004749e-01,9.783868449997218386e-01,9.843778251226037446e-01,9.699381058517381193e-01,9.800023054809691159e-01,9.828422053605599951e-01,9.818143087630177845e-01,9.686384704408660395e-01,9.733201378371616475e-01,9.814038615081823735e-01,9.823774037468820941e-01,9.738070779817071809e-01,9.805278203387840508e-01,9.788971393766476847e-01,9.688082750076609795e-01,9.818562256167577829e-01,9.882168618237624491e-01,9.299797546482945210e-01,9.889390143961596102e-01,9.598778837050450097e-01,9.783034213207915109e-01,9.855119405403858224e-01,9.802396322280511054e-01,9.808155509609168821e-01,9.627013922341544072e-01,9.886508959820630160e-01,9.833464430256491084e-01,9.684579785055801304e-01,9.668289627782006290e-01,9.829347508515747789e-01,9.810892580964756249e-01,9.838988203413094880e-01,9.751483800906806110e-01,9.595096950865854568e-01,9.796347848235165134e-01,9.851012484831389582e-01,9.753159899106004227e-01,9.845790780856351621e-01,9.834527789157967437e-01,9.834476162957199730e-01,9.879648942640355536e-01,9.585143915252419822e-01,9.783255251910737416e-01,9.759123201441450846e-01,9.628312173179243150e-01,9.830369206058271470e-01,9.471998676196116129e-01,9.859808907062157513e-01,9.682599539543758072e-01,9.873143037579583670e-01,9.750116468522579405e-01,9.743216641609756534e-01,9.724477893400421680e-01,9.841991465093449243e-01,9.838996182819815806e-01,9.849122643636573082e-01,9.532512213238175658e-01,9.832982411009728585e-01,9.837426136649342068e-01,9.836666105338255361e-01,9.856942203328359353e-01,9.597572807532278594e-01,9.808948110738323622e-01,9.828210667330924410e-01,9.855018823241423753e-01,9.800931760014073291e-01,9.702115898340528677e-01,9.715215430087975612e-01,9.895196500205275525e-01,9.665659942710912444e-01,9.681946992257495221e-01,9.627463475074548027e-01,9.820233755773793982e-01,9.725670877456515928e-01,9.853191424388600961e-01,9.730664003901091652e-01,9.754125637923529712e-01,9.721547113650711447e-01,9.834936564175972284e-01,9.727970056419059652e-01,9.805745534746356240e-01,9.728731354282705857e-01,9.888741991267625542e-01,9.799678835202716431e-01,9.683175485849352393e-01,9.855974780931024970e-01,9.839455835893095026e-01,9.699814052588868751e-01,9.778763177051150723e-01,9.801674506520680064e-01,9.751126987043140515e-01,9.836460439487172414e-01,9.795174618654772791e-01,9.802399028438559814e-01,9.569041402012102848e-01,9.757622834535391032e-01,9.689285762579368244e-01,9.858831116814414930e-01,9.754055046955804054e-01,9.775760350197343351e-01,9.836753900405299511e-01,9.793791074603447333e-01,9.732161115231823256e-01,9.793245860771813138e-01,9.848595841029900155e-01,9.625878115936252755e-01,9.824956316138809820e-01,9.789492539461804865e-01,9.391711242407011495e-01,9.852532451606478281e-01,9.836290874796326245e-01,9.493890246115453957e-01,9.853663846359609346e-01,9.828508757038485477e-01,9.683243754107676571e-01,9.750135229380065827e-01,9.813787040544250662e-01,9.805938506423280687e-01,9.866324974826243821e-01,9.813532135455028671e-01,9.829993980598118464e-01,9.812890022427338543e-01,9.863731814771625750e-01,9.469644214090122691e-01,9.691301568311906367e-01,9.701026308689074673e-01,9.849858471235416468e-01,9.764107028278449230e-01,9.746619686534195859e-01,9.832384179699114046e-01,9.655381458623976121e-01,9.853863252991168498e-01
9.788579462561146638e-01,9.664812676412696257e-01,9.593557028863085590e-01,9.729891916164107313e-01,9.860347794858432824e-01,9.677893969948671016e-01,9.679409815688657659e-01,0.000000000000000000e+00,9.791906150263501862e-01,9.781173557366834581e-01,9.602189782265867501e-01,9.671966168391883389e-01,9.709453003781460811e-01,9.689769841643567361e-01,9.660231102962448801e-01,9.560443536217128058e-01,9.633571097079008938e-01,9.622756033161422584e-01,9.775850379915680399e-01,9.894069590485814469e-01,9.649522372645366053e-01,9.641133032533920622e-01,9.644352879614176421e-01,9.794507762990158906e-01,9.687403062282773369e-01,9.281816133685657499e-01,9.733318155746558675e-01,9.575486030451163533e-01,9.565501847700412785e-01,9.633541641107958853e-01,9.596211969031360756e-01,9.631681338882228660e-01,9.453650188987412495e-01,9.772363062729644279e-01,9.639582657343457317e-01,9.532219568866796555e-01,9.827672438469425842e-01,9.788105118449352826e-01,9.521175910755445004e-01,9.581295080931877539e-01,9.873971712901183917e-01,9.480653942882443230e-01,9.814122496226196368e-01,9.709877770477602921e-01,9.564408349501520856e-01,9.667897404995577926e-01,9.673719034266970995e-01,9.590661525049403169e-01,9.761847148708625577e-01,9.572168365807496304e-01,9.702913576498781723e-01,9.760930380311060306e-01,9.482044420253700201e-01,9.747498784094333901e-01,9.458333015577355951e-01,9.678845241737545901e-01,9.669446367736485026e-01,9.788501982353989828e-01,9.815947728906049274e-01,9.534141791795726073e-01,9.901755690935865051e-01,9.551196220991254870e-01,9.796953204453144881e-01,9.657681656532729475e-01,9.560402995278922678e-01,9.701889092146456228e-01,9.746128223663768075e-01,9.595596017956165014e-01,9.711516874530434773e-01,9.612718405797142651e-01,9.778388277000044093e-01,9.790028277323569172e-01,9.764105280180386259e-01,9.658242146990307919e-01,9.590487336275583807e-01,9.621759110456317154e-01,9.758490157238529639e-01,9.640162308633205557e-01,9.564292025805986031e-01,9.641662396293422255e-01,9.606565663611155159e-01,9.883487893413527292e-01,9.744895115028353594e-01,9.576359173236420608e-01,9.832918915130608450e-01,9.650427417015030596e-01,9.648980320148043965e-01,9.759733645842222360e-01,9.725107544111115665e-01,9.684894213267587482e-01,9.714422308062535816e-01,9.780825611254717611e-01,9.605979724204143366e-01,9.681997499976817689e-01,9.591336665854586219e-01,9.641963904508343841e-01,9.845646807528781741e-01,9.653565432035127181e-01,9.694401633222118342e-01,9.592941120351105022e-01,9.651134977562593198e-01,9.616702451789020945e-01,9.542073147853150639e-01,9.710203628803549813e-01,9.676088284546965346e-01,9.679713077972194046e-01,9.813707984723403221e-01,9.582681386442984950e-01,9.681503519244316625e-01,9.682940733233608155e-01,9.660688457671465779e-01,9.879554379515375073e-01,9.603452893247674815e-01,9.574664684602504083e-01,9.767594269399710871e-01,9.807352804878877173e-01,9.473977610905618407e-01,9.764699970071095692e-01,9.719284770352338843e-01,9.442000148222295941e-01,9.705148835363731630e-01,9.789045450791613590e-01,9.625544920825201967e-01,9.681178087336937965e-01,9.768594081951929020e-01,9.667441204769617880e-01,9.764366869737522991e-01,9.804193171977579890e-01,9.787628073586835953e-01,9.746375195452545714e-01,9.707465231300052011e-01,9.401480445512790940e-01,9.625742088650982575e-01,9.870740910735950058e-01,9.795508423013717936e-01,9.693420704765073337e-01,9.899029985378720031e-01,9.770708547474009631e-01,9.656983372339253968e-01,9.626466088117457964e-01
9.740079887703267936e-01,9.636381370296092097e-01,9.549665037544446955e-01,9.872676846070870260e-01,9.868437940155176946e-01,9.841392490409942573e-01,9.767965614953004749e-01,9.791906150263501862e-01,0.000000000000000000e+00,9.909514647873850501e-01,9.633404580016028396e-01,9.790543945771663648e-01,9.832183898491597684e-01,9.774089406954460379e-01,9.801648601080107381e-01,9.560537885419928550e-01,9.647455648426142005e-01,9.614936620191624206e-01,9.764389030270907988e-01,9.812297819494376627e-01,9.635096368616629103e-01,9.730014878163253389e-01,9.834454285372986604e-01,9.762742227387343208e-01,9.812580025246695481e-01,9.258960820529640312e-01,9.767399299451424710e-01,9.508087864451870708e-01,9.598594087922865947e-01,9.772696801672849931e-01,9.688756141264787125e-01,9.798425333281644001e-01,9.503437631168539790e-01,9.795024537459036118e-01,9.765083447375803027e-01,9.594624151451218719e-01,9.794842896572345525e-01,9.762835707574833988e-01,9.563747317231041656e-01,9.743280601075237080e-01,9.840663607146276082e-01,9.475489239794057106e-01,9.736199662473060679e-01,9.760977775352612795e-01,9.681411027556691140e-01,9.751474958557833084e-01,9.737325489693340330e-01,9.764340299642871868e-01,9.798734347424693514e-01,9.592132756843771979e-01,9.808277657469316457e-01,9.884270580252898508e-01,9.514181423065118937e-01,9.851132606626613608e-01,9.369038785180022755e-01,9.783507815707088717e-01,9.653424088090775124e-01,9.788431943667953439e-01,9.882957052051124514e-01,9.618972084750997409e-01,9.811510905485714140e-01,9.681784938632859161e-01,9.875951858381398774e-01,9.818534104695705311e-01,9.613131462474313604e-01,9.796423893550600948e-01,9.852209234189683862e-01,9.747579361008801291e-01,9.768329434422942104e-01,9.532849157907973270e-01,9.862449577928938949e-01,9.861016190105571511e-01,9.845254452080917096e-01,9.785741452275832364e-01,9.600186435818820474e-01,9.774325419021858696e-01,9.781499706434811925e-01,9.540340788574355191e-01,9.565469910990163083e-01,9.548983982242271740e-01,9.773856889593947050e-01,9.819235018281045058e-01,9.858480660962060105e-01,9.593934061451377948e-01,9.795220176386236766e-01,9.834821033088528841e-01,9.785005688061103601e-01,9.883431221337031225e-01,9.875483141858899527e-01,9.713474314164666223e-01,9.767372608431048597e-01,9.715272072421514693e-01,9.589561783449337407e-01,9.777152616770685700e-01,9.675972320940888771e-01,9.611346698394430677e-01,9.846511398762824996e-01,9.594127296775459834e-01,9.871312818533021227e-01,9.762948469369139293e-01,9.741404261670219000e-01,9.736028581231358503e-01,9.522598226857704740e-01,9.750939108410414669e-01,9.606430905555131128e-01,9.760541503963686694e-01,9.705768210470751001e-01,9.593992305053521408e-01,9.761971241185115611e-01,9.819800795912495550e-01,9.811343986538383355e-01,9.858916506854585871e-01,9.752130977296803449e-01,9.739801544724573379e-01,9.866002580579031900e-01,9.889170664176356595e-01,9.485833540648961337e-01,9.789273552439424764e-01,9.777758693368060472e-01,9.466776612089642384e-01,9.740369364444033673e-01,9.861469856062531347e-01,9.706150340109167551e-01,9.654939754798803619e-01,9.867979466631743302e-01,9.758266280799136050e-01,9.822890453138684030e-01,9.880186945278592869e-01,9.742337748044544998e-01,9.860220882480258409e-01,9.769723209122691543e-01,9.375843204881931792e-01,9.638082605568591976e-01,9.809502581085459694e-01,9.798798085465114660e-01,9.846149770185174122e-01,9.840026808693542737e-01,9.859664486053398846e-01,9.660255192593116824e-01,9.645611370458954115e-01
9.747524314546203161e-01,9.663927073497410314e-01,9.616469851260278645e-01,9.867015858761017943e-01,9.840172810055827224e-01,9.832256560494689879e-01,9.783868449997218386e-01,9.781173557366834581e-01,9.909514647873850501e-01,0.000000000000000000e+00,9.683693082047156730e-01,9.838558851340278855e-01,9.871124776367707909e-01,9.819219723690774115e-01,9.801250571514892318e-01,9.614795251867830350e-01,9.674349358139406885e-01,9.656126168629366457e-01,9.767971750145144627e-01,9.796912631293874796e-01,9.669637652053103549e-01,9.752284814317689898e-01,9.865618343043054406e-01,9.771692040834083492e-01,9.824855877659636194e-01,9.350395482976350259e-01,9.786827402655804420e-01,9.557896949755236848e-01,9.625519438266606498e-01,9.797327478116245603e-01,9.691287797464765985e-01,9.812722592551088585e-01,9.569989677668361283e-01,9.801991359069603948e-01,9.788471256876526416e-01,9.644889585186189329e-01,9.797457738129117244e-01,9.774849205440122590e-01,9.595060001867354860e-01,9.773559328368840449e-01,9.845889895634848399e-01,9.539374586531162992e-01,9.755497654686341447e-01,9.787115352008858293e-01,9.682954219348135494e-01,9.795506941299335635e-01,9.753817610667985250e-01,9.784524788600013068e-01,9.826501481900582480e-01,9.653877260863836796e-01,9.829781513387702008e-01,9.892109539705420396e-01,9.570669586477920099e-01,9.861622709237215512e-01,9.425189449824404875e-01,9.806554785033643196e-01,9.705177682441549214e-01,9.809887292426655581e-01,9.893000824254944980e-01,9.667955001510676327e-01,9.795513318250630430e-01,9.728883133866862432e-01,9.875165867842878864e-01,9.835952588361257520e-01,9.659191234153673422e-01,9.809629150732599445e-01,9.864720794951885585e-01,9.767228944158923287e-01,9.792580297222018837e-01,9.584159595647643304e-01,9.854413811468610840e-01,9.845062355770060059e-01,9.880203105327580726e-01,9.813829450700073398e-01,9.627361208821416660e-01,9.786569769679758224e-01,9.800212373584451520e-01,9.595169548783786251e-01,9.627805290173709896e-01,9.581194665457576365e-01,9.769135349864016549e-01,9.815596176916994153e-01,9.860951194857845437e-01,9.609182190413106950e-01,9.773931402859189488e-01,9.848715689978024823e-01,9.820499145735593904e-01,9.889889816363167663e-01,9.881711074325505439e-01,9.772046408297917486e-01,9.797114851610072561e-01,9.731669887627117932e-01,9.627622190743374553e-01,9.803421803351295427e-01,9.716081440409811698e-01,9.652664265001648092e-01,9.848978931681405813e-01,9.610721883564469215e-01,9.887618046335832078e-01,9.811078471679619550e-01,9.737775752212225466e-01,9.739210197362456745e-01,9.578839672868129096e-01,9.800706939897327885e-01,9.648935547615963282e-01,9.804366950597239727e-01,9.714831522707756406e-01,9.604931703193205772e-01,9.784615531584632819e-01,9.814896631038916297e-01,9.815773542340725522e-01,9.859229279227003095e-01,9.795213447690299668e-01,9.775116824603473642e-01,9.846040486200859920e-01,9.887424440283246740e-01,9.526542900809117365e-01,9.786687008995923476e-01,9.803815591024043208e-01,9.513012073277109515e-01,9.792204062702862810e-01,9.859193854847720928e-01,9.756427742884188348e-01,9.688718571123475787e-01,9.871746526808929945e-01,9.758876001602295736e-01,9.818036908250067363e-01,9.877880289043973194e-01,9.756279102041405249e-01,9.854494893763928731e-01,9.804164060239505263e-01,9.434598500636952600e-01,9.699360691308813731e-01,9.783858570754321304e-01,9.816669193139322402e-01,9.853521981601814916e-01,9.840679178459994514e-01,9.855065587596121279e-01,9.711428776524743123e-01,9.688418318711345956e-01
9.794467160464447320e-01,9.892621684340613397e-01,9.616252958618546343e-01,9.675546596624245987e-01,9.698993979975135682e-01,9.657625309759594323e-01,9.843778251226037446e-01,9.602189782265867501e-01,9.633404580016028396e-01,9.683693082047156730e-01,0.000000000000000000e+00,9.564037445580606533e-01,9.708015262879899909e-01,9.786656267613821347e-01,9.790656030910993568e-01,9.686159044622514314e-01,9.732686865537003573e-01,9.891438069575525516e-01,9.811890509937287730e-01,9.616583659144954943e-01,9.863376410363026148e-01,9.803448827734179138e-01,9.532531345558555858e-01,9.803990045823324229e-01,9.812884357005499103e-01,9.231736421966675321e-01,9.860354779922156920e-01,9.584338900204784073e-01,9.839400289981106162e-01,9.816955857595059953e-01,9.777151693050356585e-01,9.734514459783075724e-01,9.611024476041729603e-01,9.829863357476313901e-01,9.837440992662345174e-01,9.675577152174840156e-01,9.531414120346105578e-01,9.807788095213666457e-01,9.909438727932934343e-01,9.743306696839817427e-01,9.651663959159966222e-01,9.568286091567548279e-01,9.783226513877214536e-01,9.853173828285242131e-01,9.772371956783224567e-01,9.850056131248318136e-01,9.854798373290084568e-01,9.720369507108883589e-01,9.819678827427920087e-01,9.514704804003335514e-01,9.697843135584438556e-01,9.640035373768546245e-01,9.596816961071579222e-01,9.729100661769278791e-01,9.463962451927503405e-01,9.792790904924909556e-01,9.609193929927982714e-01,9.849436458759949220e-01,9.622324286461592102e-01,9.709336352327622155e-01,9.622394142741887979e-01,9.817251566355457149e-01,9.718252889677384543e-01,9.809127304965949978e-01,9.409893326976137562e-01,9.787310236620989645e-01,9.741591654336982931e-01,9.758983690839420078e-01,9.869907959789130381e-01,9.597379435372352940e-01,9.700377460190374723e-01,9.715029582515942730e-01,9.756704849121071721e-01,9.704164577157965432e-01,9.674308361501954279e-01,9.640812055257163005e-01,9.832898794398734488e-01,9.678937261665980785e-01,9.652176335761926129e-01,9.623585316411208401e-01,9.764484957280715749e-01,9.615551983746561948e-01,9.743592147307732487e-01,9.813329213821395669e-01,9.641436444874389444e-01,9.566431115246222250e-01,9.737150496156253832e-01,9.608879727429745499e-01,9.686840384961126205e-01,9.667254646584860778e-01,9.865476134703882183e-01,9.783108894286614010e-01,9.660037571144290958e-01,9.849398641881121907e-01,9.810339337001934279e-01,9.689040458285306245e-01,9.659149893179543866e-01,9.860504332132312699e-01,9.608776411458960220e-01,9.740621273515084333e-01,9.796895358584530866e-01,9.804531344487719124e-01,9.520873652955944566e-01,9.709164022995477872e-01,9.706555355651395045e-01,9.853636533938820996e-01,9.742376545263601306e-01,9.853191280322591838e-01,9.830620358005015547e-01,9.683397175233178222e-01,9.575407457632031383e-01,9.689694606729010173e-01,9.763481380610906646e-01,9.453231752509990704e-01,9.716802701308634438e-01,9.676949825246899950e-01,9.226035007463239124e-01,9.830724608002864295e-01,9.776456988797979086e-01,9.413102278475182771e-01,9.853725269702201528e-01,9.688397503918451115e-01,9.606828924988468632e-01,9.753694018245464559e-01,9.688777348339061568e-01,9.822392184681182359e-01,9.800176591625969769e-01,9.726988672793556168e-01,9.806650067111322144e-01,9.697699750795606422e-01,9.852615732581817554e-01,9.492655233030413697e-01,9.650315302054466304e-01,9.570706802664089574e-01,9.794362860026709638e-01,9.638278130595426818e-01,9.638654856116682934e-01,9.697500808434271757e-01,9.605498713874212058e-01,9.895821265986408655e-01
