1,0.16588,0.37607,0.31398,0.083567,0.3726,0.43648,0.3526,0.20449,0.33506,0.23411,0.32462,0.17386,0.54774,0.14732,0.32143,0.47383,0.31756,0.48159,0.25938,0.4171,0.21942,0.41271,0.30351,0.08255,0.26813,0.4546,0.30388,0.61187,0.39587,0.19458,0.14246,0.29399,0.28822,0.54921,0.13679,0.24492,0.30705,0.075412,0.35748,0.31468,0.31172,0.1659,0.34472,0.17494,0.32961,0.14047,0.43883,0.1507,0.31403,0.23208,0.2354,0.31525,0.24085,0.41203,0.16534,0.38094,0.26445,0.060068,0.16398,0.34043,0.29698,0.52759,0.29723,0.14561,0.1296,0.26977,0.27758
0.16588,1,0.11938,0.30543,0.063076,0.23637,0.15769,0.20365,0.14851,0.2477,0.20998,0.29815,0.049511,0.10807,0.11135,0.27493,0.28777,0.025565,0.19807,0.31077,0.30483,0.35116,0.37993,0.26212,0.16671,0.33885,0.32616,0.34938,0.27086,0.39519,0.0027632,0.022617,0.28472,0.40316,0.22745,0.36313,0.1604,0.29909,0.055255,0.22775,0.18033,0.20624,0.15536,0.24427,0.17679,0.30035,0.039295,0.11118,0.12891,0.30086,0.32549,-0.0087789,0.26613,0.30747,0.28603,0.32041,0.35984,0.27158,0.13757,0.29332,0.33398,0.3441,0.27001,0.41099,-0.02034,0.011257,0.27463,0.39792
0.37607,0.11938,1,0.15568,0.10996,0.28564,0.7582,0.43413,0.36634,0.26761,0.33912,0.24161,0.25201,0.61802,0.22344,0.19402,0.43652,0.47861,0.41765,0.26122,0.25673,0.31279,0.29101,0.50128,0.16814,0.61174,0.63492,0.27245,0.32633,0.40868,0.22694,0.10907,0.24349,0.19617,0.25304,0.11206,0.56392,0.16878,0.087278,0.25216,0.56334,0.31884,0.2957,0.25223,0.26066,0.22834,0.20592,0.47367,0.18943,0.18641,0.20496,0.3882,0.25168,0.25252,0.2629,0.22327,0.22065,0.40446,0.11584,0.40432,0.46603,0.22785,0.27068,0.22079,0.19876,0.085609,0.23018,0.16679
0.31398,0.30543,0.15568,1,0.07962,0.50951,0.29634,0.28079,0.2418,0.54065,0.17808,0.78212,0.096032,0.20552,0.2072,0.44334,0.25507,0.049954,0.19908,0.73717,0.53669,0.32231,0.52397,0.43007,0.10416,0.28981,0.3131,0.64969,0.43428,0.40676,0.068801,0.05809,0.36729,0.41548,0.38137,0.28309,0.19122,0.85607,0.073455,0.51486,0.32033,0.30212,0.24954,0.55692,0.15981,0.78938,0.086311,0.21825,0.2483,0.46126,0.27712,0.034915,0.23109,0.70468,0.53835,0.29708,0.54942,0.45796,0.086595,0.26909,0.32748,0.64772,0.42824,0.46378,0.046972,0.055561,0.35784,0.42942
0.083567,0.063076,0.10996,0.07962,1,0.15284,0.13623,0.14704,0.092867,0.093504,0.10234,0.095566,0.078621,0.12775,0.11412,0.079488,0.085262,0.094666,0.088633,0.087379,0.10053,0.090201,0.10464,0.1143,0.056209,0.11079,0.12029,0.11059,0.11206,0.1143,0.04241,0.090072,0.081802,0.1019,0.081789,0.056244,0.088613,0.078748,0.053758,0.11816,0.11928,0.1214,0.077598,0.089592,0.074986,0.090395,0.067842,0.11083,0.076577,0.080276,0.064025,0.070323,0.075568,0.087577,0.095049,0.078652,0.090981,0.10488,0.042768,0.079987,0.099368,0.10132,0.099871,0.097021,0.041349,0.043927,0.077052,0.089705
0.3726,0.23637,0.28564,0.50951,0.15284,1,0.45622,0.50821,0.26007,0.59688,0.22101,0.59099,0.18414,0.3646,0.33296,0.37304,0.28217,0.19191,0.26383,0.46869,0.44241,0.28693,0.46836,0.40627,0.11463,0.30441,0.35523,0.60523,0.46767,0.41691,0.1177,0.12082,0.32128,0.36745,0.3883,0.2186,0.30179,0.51372,0.12018,0.69149,0.44617,0.45924,0.26089,0.59275,0.21189,0.57742,0.17052,0.3552,0.32935,0.37545,0.26977,0.15675,0.2793,0.45768,0.43665,0.25412,0.46494,0.42395,0.097888,0.26251,0.34681,0.59062,0.43944,0.42047,0.10732,0.11165,0.30296,0.36203
0.43648,0.15769,0.7582,0.29634,0.13623,0.45622,1,0.53105,0.50078,0.41052,0.33622,0.39109,0.30667,0.72478,0.31611,0.27398,0.36313,0.44832,0.35066,0.36827,0.33551,0.41731,0.32611,0.71134,0.21924,0.58854,0.62049,0.43789,0.40933,0.48827,0.26195,0.13706,0.30309,0.25797,0.3334,0.15082,0.59031,0.30762,0.11395,0.41034,0.76536,0.43573,0.44192,0.39136,0.29131,0.37407,0.28822,0.6176,0.28651,0.26273,0.20977,0.40719,0.2683,0.35642,0.33496,0.34115,0.28104,0.63766,0.17987,0.45916,0.52556,0.39427,0.35262,0.31431,0.256,0.12038,0.2831,0.23588
0.3526,0.20365,0.43413,0.28079,0.14704,0.50821,0.53105,1,0.20265,0.38618,0.28822,0.33112,0.14388,0.47481,0.21236,0.27427,0.35225,0.34201,0.34451,0.28943,0.34113,0.29934,0.42786,0.31115,0.061375,0.45733,0.38738,0.53972,0.36532,0.55121,0.10863,0.12767,0.24802,0.32163,0.28895,0.1775,0.37076,0.28701,0.12149,0.43336,0.44471,0.52379,0.18029,0.37146,0.23912,0.32531,0.11495,0.36135,0.20561,0.27793,0.29532,0.25145,0.29705,0.27753,0.32637,0.23828,0.36392,0.28941,0.04126,0.32709,0.31548,0.49271,0.31555,0.43882,0.099748,0.084904,0.22351,0.29205
0.20449,0.14851,0.36634,0.2418,0.092867,0.26007,0.50078,0.20265,1,0.27243,0.1998,0.31902,0.30835,0.38654,0.27385,0.20992,0.12199,0.17501,0.1189,0.30391,0.2546,0.34525,0.18793,0.61501,0.28533,0.27655,0.41818,0.21158,0.27447,0.18109,0.19341,0.088182,0.24715,0.18999,0.19726,0.15293,0.28072,0.25263,0.076767,0.24217,0.42991,0.19324,0.45081,0.26806,0.1712,0.2853,0.29835,0.3703,0.23636,0.20685,0.043385,0.15806,0.09865,0.30087,0.25877,0.29876,0.19187,0.54313,0.24656,0.22749,0.37363,0.21173,0.25681,0.14974,0.18596,0.089871,0.24236,0.18389
0.33506,0.2477,0.26761,0.54065,0.093504,0.59688,0.41052,0.38618,0.27243,1,0.2184,0.56626,0.15338,0.31086,0.20139,0.35168,0.2628,0.16523,0.24909,0.55495,0.4262,0.32623,0.42102,0.3888,0.13997,0.32966,0.34198,0.56685,0.41146,0.36131,0.10603,0.075076,0.33683,0.34717,0.35121,0.24541,0.29815,0.55498,0.08372,0.55237,0.42827,0.39007,0.26826,0.89139,0.22793,0.5585,0.14637,0.32818,0.21751,0.35007,0.27777,0.16075,0.29114,0.55575,0.4315,0.30678,0.44005,0.40975,0.13214,0.33272,0.36451,0.57792,0.39083,0.39764,0.10782,0.06672,0.32371,0.3585
0.23411,0.20998,0.33912,0.17808,0.10234,0.22101,0.33622,0.28822,0.1998,0.2184,1,0.21216,0.22019,0.32195,0.13807,0.16905,0.36404,0.32966,0.37942,0.23603,0.20615,0.28123,0.25594,0.26667,0.18415,0.40531,0.38932,0.22449,0.26483,0.34152,0.12179,0.08783,0.22722,0.30446,0.20956,0.20546,0.24108,0.18117,0.074604,0.19658,0.25361,0.22956,0.16225,0.2093,0.27681,0.20801,0.12424,0.24668,0.12103,0.18239,0.26165,0.22133,0.31864,0.23169,0.20301,0.23106,0.21402,0.22367,0.14363,0.27274,0.32113,0.20366,0.23036,0.25522,0.090858,0.049551,0.21156,0.25374
0.32462,0.29815,0.24161,0.78212,0.095566,0.59099,0.39109,0.33112,0.31902,0.56626,0.21216,1,0.14591,0.27559,0.285,0.42674,0.27631,0.10881,0.22903,0.76748,0.51638,0.34187,0.5071,0.48919,0.13895,0.32849,0.3697,0.64306,0.44726,0.42532,0.095377,0.073721,0.38747,0.41607,0.38413,0.28231,0.26867,0.77632,0.08531,0.57572,0.40531,0.34045,0.3055,0.57267,0.1971,0.82633,0.13972,0.28535,0.31015,0.44162,0.28323,0.10095,0.26173,0.73777,0.51376,0.31271,0.52056,0.51115,0.11519,0.30137,0.37867,0.63444,0.43718,0.4599,0.079725,0.072719,0.3785,0.42557
0.17386,0.049511,0.25201,0.096032,0.078621,0.18414,0.30667,0.14388,0.30835,0.15338,0.22019,0.14591,1,0.3347,0.19106,0.13497,0.081618,0.21827,0.12916,0.1334,0.18277,0.1392,0.11898,0.33037,0.28551,0.088357,0.34601,0.065365,0.21797,0.037686,0.24047,0.11046,0.14083,0.091063,0.13526,0.037757,0.10251,0.1039,0.06452,0.18069,0.1966,0.11872,0.25378,0.16428,0.1165,0.13658,0.34429,0.2697,0.16418,0.13003,-0.060423,0.12356,0.027082,0.12881,0.19235,0.085133,0.12201,0.25655,0.1998,-0.0068687,0.22016,0.065054,0.1933,0.0053313,0.19319,0.11895,0.13225,0.077008
0.54774,0.10807,0.61802,0.20552,0.12775,0.3646,0.72478,0.47481,0.38654,0.31086,0.32195,0.27559,0.3347,1,0.2346,0.23833,0.40501,0.54027,0.46253,0.24693,0.32682,0.29849,0.29611,0.49157,0.19503,0.37665,0.61625,0.25532,0.47278,0.40411,0.33922,0.21379,0.25426,0.23157,0.36552,0.089849,0.38166,0.21003,0.10317,0.33189,0.51678,0.37273,0.30942,0.30471,0.2389,0.26362,0.29068,0.65358,0.19973,0.22929,0.13802,0.43495,0.28508,0.23013,0.31837,0.21921,0.25405,0.40079,0.15107,0.2207,0.45926,0.23487,0.37535,0.23201,0.28658,0.17515,0.23253,0.19814
0.14732,0.11135,0.22344,0.2072,0.11412,0.33296,0.31611,0.21236,0.27385,0.20139,0.13807,0.285,0.19106,0.2346,1,0.18814,0.10551,0.11804,0.097295,0.22773,0.21409,0.18223,0.19587,0.36317,0.14694,0.17065,0.25267,0.23939,0.22834,0.16981,0.094881,0.076232,0.18151,0.17434,0.16903,0.10599,0.20457,0.21188,0.068783,0.28504,0.29498,0.19515,0.25426,0.19983,0.12371,0.26098,0.18525,0.22987,0.27038,0.18635,0.077236,0.1034,0.10621,0.21998,0.21053,0.15392,0.19047,0.34844,0.12235,0.13826,0.2325,0.22468,0.21645,0.15666,0.096054,0.079915,0.17287,0.16362
0.32143,0.27493,0.19402,0.44334,0.079488,0.37304,0.27398,0.27427,0.20992,0.35168,0.16905,0.42674,0.13497,0.23833,0.18814,1,0.26726,0.10237,0.21212,0.36117,0.64463,0.33604,0.64321,0.35788,0.09967,0.2594,0.39678,0.50123,0.45702,0.44433,0.086611,0.06595,0.37425,0.43157,0.36029,0.23998,0.20798,0.43822,0.075297,0.37722,0.27752,0.28237,0.20901,0.36344,0.15331,0.44033,0.1176,0.24496,0.21217,0.65614,0.2533,0.076642,0.22268,0.34945,0.63781,0.2828,0.6413,0.36301,0.083554,0.22638,0.37941,0.50228,0.45334,0.48603,0.063427,0.068718,0.36563,0.44318
0.47383,0.28777,0.43652,0.25507,0.085262,0.28217,0.36313,0.35225,0.12199,0.2628,0.36404,0.27631,0.081618,0.40501,0.10551,0.26726,1,0.36739,0.63472,0.28354,0.32068,0.2878,0.45447,0.2175,0.065795,0.49278,0.50775,0.32033,0.41313,0.53326,0.11043,0.089075,0.27866,0.40678,0.37448,0.25556,0.29367,0.25188,0.063013,0.257,0.24806,0.27345,0.086376,0.25954,0.25245,0.27971,0.026715,0.2768,0.10384,0.28452,0.45426,0.22212,0.47602,0.2704,0.31048,0.21882,0.37662,0.17559,0.030607,0.2945,0.3931,0.295,0.36008,0.40127,0.057202,0.047714,0.26381,0.35645
0.31756,0.025565,0.47861,0.049954,0.094666,0.19191,0.44832,0.34201,0.17501,0.16523,0.32966,0.10881,0.21827,0.54027,0.11804,0.10237,0.36739,1,0.48567,0.10562,0.14852,0.1624,0.15891,0.16285,0.078099,0.31602,0.42793,0.086982,0.233,0.25568,0.21413,0.13728,0.13281,0.12673,0.19151,0.01203,0.22187,0.061666,0.069891,0.17194,0.2371,0.21964,0.10582,0.16851,0.19628,0.10547,0.15672,0.34483,0.086982,0.10039,0.11014,0.43257,0.24991,0.10089,0.16345,0.078715,0.12082,0.075353,0.032495,0.099259,0.22896,0.065495,0.1839,0.098605,0.15073,0.093131,0.12517,0.091325
0.48159,0.19807,0.41765,0.19908,0.088633,0.26383,0.35066,0.34451,0.1189,0.24909,0.37942,0.22903,0.12916,0.46253,0.097295,0.21212,0.63472,0.48567,1,0.23534,0.26189,0.22814,0.34454,0.16881,0.06192,0.38958,0.47801,0.23618,0.37664,0.42183,0.1699,0.11544,0.22589,0.3118,0.34095,0.16788,0.20922,0.20161,0.064583,0.241,0.18903,0.25133,0.067382,0.25107,0.2374,0.23195,0.068225,0.29327,0.087785,0.22323,0.32608,0.29088,0.45788,0.22513,0.26339,0.14182,0.28601,0.1059,0.02127,0.1659,0.29979,0.21703,0.31701,0.28052,0.10078,0.073353,0.21732,0.26954
0.25938,0.31077,0.26122,0.73717,0.087379,0.46869,0.36827,0.28943,0.30391,0.55495,0.23603,0.76748,0.1334,0.24693,0.22773,0.36117,0.28354,0.10562,0.23534,1,0.44199,0.36376,0.44973,0.47479,0.16288,0.35831,0.36795,0.55478,0.37503,0.40489,0.081877,0.05552,0.39327,0.40352,0.31419,0.30543,0.28001,0.72972,0.073465,0.44951,0.38123,0.28654,0.30214,0.53813,0.21866,0.75202,0.12765,0.25055,0.2545,0.37663,0.29029,0.10579,0.27181,0.85362,0.43668,0.33507,0.45371,0.48908,0.14021,0.32634,0.38371,0.54683,0.36203,0.41973,0.075629,0.050712,0.3874,0.40703
0.4171,0.30483,0.25673,0.53669,0.10053,0.44241,0.33551,0.34113,0.2546,0.4262,0.20615,0.51638,0.18277,0.32682,0.21409,0.64463,0.32068,0.14852,0.26189,0.44199,1,0.33708,0.81079,0.39256,0.11479,0.30015,0.47358,0.5872,0.59264,0.54039,0.12261,0.091307,0.46667,0.53133,0.43503,0.26227,0.23752,0.52678,0.091719,0.44518,0.31693,0.3316,0.24719,0.4369,0.18078,0.52941,0.15502,0.30807,0.23556,0.63354,0.27123,0.11042,0.23561,0.42267,0.86188,0.29328,0.77691,0.39571,0.093308,0.24377,0.43517,0.57045,0.56139,0.57638,0.095863,0.093772,0.44648,0.52326
0.21942,0.35116,0.31279,0.32231,0.090201,0.28693,0.41731,0.29934,0.34525,0.32623,0.28123,0.34187,0.1392,0.29849,0.18223,0.33604,0.2878,0.1624,0.22814,0.36376,0.33708,1,0.36939,0.48219,0.22699,0.45924,0.42679,0.3875,0.32001,0.45961,0.074767,0.047674,0.33837,0.39185,0.26532,0.32532,0.31025,0.33161,0.080529,0.26888,0.3988,0.28221,0.32186,0.31612,0.25196,0.34111,0.13387,0.29418,0.17777,0.33627,0.30369,0.13995,0.29396,0.36334,0.33016,0.46906,0.35332,0.46845,0.19798,0.40742,0.44019,0.37819,0.31649,0.42582,0.0726,0.039566,0.32804,0.38754
0.41271,0.37993,0.29101,0.52397,0.10464,0.46836,0.32611,0.42786,0.18793,0.42102,0.25594,0.5071,0.11898,0.29611,0.19587,0.64321,0.45447,0.15891,0.34454,0.44973,0.81079,0.36939,1,0.33895,0.075477,0.41645,0.50799,0.66597,0.56816,0.67205,0.074602,0.077104,0.45202,0.58817,0.43562,0.32703,0.28044,0.51024,0.093546,0.45854,0.30406,0.3827,0.18644,0.42206,0.20635,0.51834,0.084432,0.25061,0.22251,0.64447,0.42201,0.089035,0.33092,0.43028,0.75347,0.32022,0.82626,0.34568,0.0491,0.31603,0.4696,0.63499,0.53431,0.67724,0.039442,0.062702,0.42934,0.56995
0.30351,0.26212,0.50128,0.43007,0.1143,0.40627,0.71134,0.31115,0.61501,0.3888,0.26667,0.48919,0.33037,0.49157,0.36317,0.35788,0.2175,0.16285,0.16881,0.47479,0.39256,0.48219,0.33895,1,0.33254,0.4719,0.56917,0.43994,0.406,0.37607,0.22972,0.098672,0.36309,0.32007,0.33134,0.25966,0.44084,0.42775,0.097883,0.38294,0.65196,0.30913,0.5618,0.38552,0.23618,0.46946,0.32446,0.49863,0.34327,0.3572,0.15587,0.1665,0.19245,0.46263,0.39209,0.43507,0.33649,0.82919,0.28714,0.4076,0.55006,0.42982,0.38856,0.32242,0.21835,0.11081,0.35031,0.3149
0.08255,0.16671,0.16814,0.10416,0.056209,0.11463,0.21924,0.061375,0.28533,0.13997,0.18415,0.13895,0.28551,0.19503,0.14694,0.09967,0.065795,0.078099,0.06192,0.16288,0.11479,0.22699,0.075477,0.33254,1,0.17004,0.32104,0.054885,0.16469,0.064778,0.12151,0.053388,0.16499,0.14321,0.099186,0.16773,0.12599,0.10812,0.050195,0.11051,0.19516,0.081302,0.25246,0.13962,0.15509,0.12678,0.2399,0.20297,0.12355,0.096936,0.033006,0.061774,0.07858,0.16239,0.11602,0.20771,0.082316,0.29664,0.31245,0.144,0.29003,0.061951,0.15334,0.058877,0.1047,0.06165,0.15277,0.1319
0.26813,0.33885,0.61174,0.28981,0.11079,0.30441,0.58854,0.45733,0.27655,0.32966,0.40531,0.32849,0.088357,0.37665,0.17065,0.2594,0.49278,0.31602,0.38958,0.35831,0.30015,0.45924,0.41645,0.4719,0.17004,1,0.55891,0.46223,0.31761,0.61806,0.082966,0.03582,0.3158,0.39852,0.26657,0.32489,0.51852,0.2969,0.084607,0.26701,0.51219,0.35764,0.24477,0.30392,0.30812,0.31853,0.053425,0.30422,0.15888,0.27846,0.4288,0.23525,0.36773,0.35208,0.28783,0.39974,0.33579,0.4286,0.12282,0.65852,0.50161,0.4086,0.28315,0.48057,0.056497,-0.0016175,0.29285,0.3607
0.4546,0.32616,0.63492,0.3131,0.12029,0.35523,0.62049,0.38738,0.41818,0.34198,0.38932,0.3697,0.34601,0.61625,0.25267,0.39678,0.50775,0.42793,0.47801,0.36795,0.47358,0.42679,0.50799,0.56917,0.32104,0.55891,1,0.37328,0.47399,0.48812,0.28854,0.14056,0.36315,0.37793,0.37122,0.27194,0.39287,0.31491,0.10223,0.34443,0.43708,0.33039,0.33984,0.35006,0.26264,0.36308,0.26875,0.47506,0.23167,0.39606,0.24941,0.27395,0.31679,0.35478,0.46687,0.32257,0.45979,0.4633,0.23236,0.33074,0.64921,0.35087,0.42907,0.36349,0.20137,0.12051,0.34862,0.35366
0.30388,0.34938,0.27245,0.64969,0.11059,0.60523,0.43789,0.53972,0.21158,0.56685,0.22449,0.64306,0.065365,0.25532,0.23939,0.50123,0.32033,0.086982,0.23618,0.55478,0.5872,0.3875,0.66597,0.43994,0.054885,0.46223,0.37328,1,0.43258,0.66252,0.043903,0.054032,0.36299,0.47749,0.36238,0.31793,0.3501,0.64319,0.097692,0.57993,0.46106,0.50614,0.22498,0.5659,0.21378,0.64944,0.054492,0.24472,0.27334,0.51604,0.39764,0.069219,0.30326,0.54298,0.55121,0.35113,0.63391,0.47101,0.044027,0.41297,0.3868,0.89546,0.41647,0.67683,0.033585,0.043753,0.34737,0.47767
0.61187,0.27086,0.32633,0.43428,0.11206,0.46767,0.40933,0.36532,0.27447,0.41146,0.26483,0.44726,0.21797,0.47278,0.22834,0.45702,0.41313,0.233,0.37664,0.37503,0.59264,0.32001,0.56816,0.406,0.16469,0.31761,0.47399,0.43258,1,0.48029,0.16526,0.14759,0.53142,0.47463,0.56743,0.24679,0.28597,0.42436,0.099889,0.45067,0.37138,0.35252,0.25816,0.41479,0.23199,0.44966,0.18885,0.43062,0.23911,0.45833,0.30745,0.18705,0.32844,0.35606,0.56967,0.28272,0.54663,0.40049,0.14075,0.26357,0.44558,0.42925,0.7185,0.45461,0.13047,0.13658,0.46115,0.44955
0.39587,0.39519,0.40868,0.40676,0.1143,0.41691,0.48827,0.55121,0.18109,0.36131,0.34152,0.42532,0.037686,0.40411,0.16981,0.44433,0.53326,0.25568,0.42183,0.40489,0.54039,0.45961,0.67205,0.37607,0.064778,0.61806,0.48812,0.66252,0.48029,1,0.055574,0.063835,0.4093,0.57185,0.39588,0.35651,0.41772,0.40123,0.093665,0.38087,0.44318,0.46238,0.1772,0.33974,0.2935,0.42566,0.022039,0.32717,0.17943,0.47068,0.53499,0.20848,0.47012,0.38819,0.48287,0.40931,0.58298,0.37434,0.048069,0.50365,0.48766,0.60868,0.43555,0.76479,0.033953,0.036896,0.37541,0.54098
0.19458,0.0027632,0.22694,0.068801,0.04241,0.1177,0.26195,0.10863,0.19341,0.10603,0.12179,0.095377,0.24047,0.33922,0.094881,0.086611,0.11043,0.21413,0.1699,0.081877,0.12261,0.074767,0.074602,0.22972,0.12151,0.082966,0.28854,0.043903,0.16526,0.055574,1,0.097376,0.080182,0.038797,0.12397,-0.010097,0.079128,0.069309,0.040201,0.11775,0.14181,0.095378,0.1385,0.11645,0.065008,0.090318,0.19821,0.25638,0.077846,0.07485,-0.048381,0.14502,0.053008,0.075173,0.12896,0.036916,0.074795,0.16103,0.092856,-0.011201,0.1779,0.045982,0.13449,-0.0030869,0.24039,0.099371,0.073577,0.030261
0.14246,0.022617,0.10907,0.05809,0.090072,0.12082,0.13706,0.12767,0.088182,0.075076,0.08783,0.073721,0.11046,0.21379,0.076232,0.06595,0.089075,0.13728,0.11544,0.05552,0.091307,0.047674,0.077104,0.098672,0.053388,0.03582,0.14056,0.054032,0.14759,0.063835,0.097376,1,0.065475,0.071356,0.10346,0.019009,0.058275,0.057237,0.044787,0.11171,0.096924,0.10671,0.073225,0.078981,0.044577,0.070317,0.099459,0.17429,0.064902,0.062263,0.016406,0.098816,0.062917,0.052303,0.091768,0.034233,0.071643,0.083377,0.047958,0.0080725,0.10605,0.054361,0.11678,0.038867,0.076478,0.084926,0.057699,0.058001
0.29399,0.28472,0.24349,0.36729,0.081802,0.32128,0.30309,0.24802,0.24715,0.33683,0.22722,0.38747,0.14083,0.25426,0.18151,0.37425,0.27866,0.13281,0.22589,0.39327,0.46667,0.33837,0.45202,0.36309,0.16499,0.3158,0.36315,0.36299,0.53142,0.4093,0.080182,0.065475,1,0.45382,0.33956,0.27691,0.25805,0.36644,0.073674,0.30798,0.31106,0.24943,0.24609,0.32786,0.22029,0.38477,0.1354,0.26361,0.18967,0.38314,0.28489,0.1343,0.27052,0.38422,0.44888,0.31888,0.43943,0.37197,0.15048,0.3009,0.38617,0.3628,0.47857,0.41871,0.078295,0.056897,0.49026,0.42207
0.28822,0.40316,0.19617,0.41548,0.1019,0.36745,0.25797,0.32163,0.18999,0.34717,0.30446,0.41607,0.091063,0.23157,0.17434,0.43157,0.40678,0.12673,0.3118,0.40352,0.53133,0.39185,0.58817,0.32007,0.14321,0.39852,0.37793,0.47749,0.47463,0.57185,0.038797,0.071356,0.45382,1,0.34399,0.37622,0.23856,0.40744,0.088817,0.35031,0.2767,0.30259,0.19244,0.33839,0.24553,0.42212,0.0773,0.21492,0.18938,0.45091,0.4181,0.086572,0.36218,0.39368,0.49495,0.36759,0.54483,0.3391,0.12557,0.34451,0.41256,0.46639,0.43869,0.58257,0.017048,0.044427,0.40527,0.56753
0.54921,0.22745,0.25304,0.38137,0.081789,0.3883,0.3334,0.28895,0.19726,0.35121,0.20956,0.38413,0.13526,0.36552,0.16903,0.36029,0.37448,0.19151,0.34095,0.31419,0.43503,0.26532,0.43562,0.33134,0.099186,0.26657,0.37122,0.36238,0.56743,0.39588,0.12397,0.10346,0.33956,0.34399,1,0.2138,0.2967,0.37763,0.087387,0.41178,0.38454,0.36339,0.19378,0.37542,0.21466,0.3954,0.13144,0.47519,0.18872,0.36597,0.35619,0.20225,0.40677,0.30427,0.45204,0.24208,0.45867,0.35207,0.097545,0.27238,0.41583,0.37944,0.62541,0.42631,0.12391,0.12433,0.34382,0.38345
0.13679,0.36313,0.11206,0.28309,0.056244,0.2186,0.15082,0.1775,0.15293,0.24541,0.20546,0.28231,0.037757,0.089849,0.10599,0.23998,0.25556,0.01203,0.16788,0.30543,0.26227,0.32532,0.32703,0.25966,0.16773,0.32489,0.27194,0.31793,0.24679,0.35651,-0.010097,0.019009,0.27691,0.37622,0.2138,1,0.19303,0.27936,0.057085,0.21124,0.20694,0.20009,0.16584,0.23559,0.20261,0.28433,0.038412,0.12632,0.12413,0.27004,0.34069,0.022039,0.28422,0.3029,0.24861,0.34882,0.32209,0.28373,0.17414,0.34124,0.37329,0.32267,0.25504,0.39624,-0.014323,0.012498,0.27051,0.38179
0.24492,0.1604,0.56392,0.19122,0.088613,0.30179,0.59031,0.37076,0.28072,0.29815,0.24108,0.26867,0.10251,0.38166,0.20457,0.20798,0.29367,0.22187,0.20922,0.28001,0.23752,0.31025,0.28044,0.44084,0.12599,0.51852,0.39287,0.3501,0.28597,0.41772,0.079128,0.058275,0.25805,0.23856,0.2967,0.19303,1,0.20708,0.098867,0.29152,0.75487,0.41767,0.31375,0.26158,0.35558,0.2575,0.16548,0.54419,0.21505,0.20446,0.42433,0.45102,0.39222,0.27621,0.24322,0.3377,0.27554,0.51591,0.14691,0.68381,0.59384,0.34808,0.29609,0.41137,0.1711,0.075537,0.25031,0.25739
0.30705,0.29909,0.16878,0.85607,0.078748,0.51372,0.30762,0.28701,0.25263,0.55498,0.18117,0.77632,0.1039,0.21003,0.21188,0.43822,0.25188,0.061666,0.20161,0.72972,0.52678,0.33161,0.51024,0.42775,0.10812,0.2969,0.31491,0.64319,0.42436,0.40123,0.069309,0.057237,0.36644,0.40744,0.37763,0.27936,0.20708,1,0.074935,0.52565,0.34121,0.31256,0.2628,0.58481,0.17009,0.80142,0.095852,0.23289,0.25228,0.45923,0.27762,0.050412,0.23773,0.73885,0.53862,0.3054,0.54373,0.47139,0.091629,0.28282,0.33292,0.65776,0.42885,0.46552,0.051488,0.06056,0.36456,0.42751
0.075412,0.055255,0.087278,0.073455,0.053758,0.12018,0.11395,0.12149,0.076767,0.08372,0.074604,0.08531,0.06452,0.10317,0.068783,0.075297,0.063013,0.069891,0.064583,0.073465,0.091719,0.080529,0.093546,0.097883,0.050195,0.084607,0.10223,0.097692,0.099889,0.093665,0.040201,0.044787,0.073674,0.088817,0.087387,0.057085,0.098867,0.074935,1,0.1406,0.12576,0.12936,0.081171,0.086377,0.095673,0.084409,0.071776,0.12512,0.10554,0.076537,0.076743,0.089024,0.083852,0.07567,0.095667,0.076736,0.095351,0.10348,0.050612,0.096838,0.11246,0.099361,0.10667,0.10091,0.054588,0.10076,0.074512,0.10086
0.35748,0.22775,0.25216,0.51486,0.11816,0.69149,0.41034,0.43336,0.24217,0.55237,0.19658,0.57572,0.18069,0.33189,0.28504,0.37722,0.257,0.17194,0.241,0.44951,0.44518,0.26888,0.45854,0.38294,0.11051,0.26701,0.34443,0.57993,0.45067,0.38087,0.11775,0.11171,0.30798,0.35031,0.41178,0.21124,0.29152,0.52565,0.1406,1,0.44434,0.50348,0.25212,0.60352,0.20525,0.59567,0.17582,0.36981,0.35871,0.38373,0.27038,0.1596,0.27605,0.45041,0.45851,0.24093,0.48435,0.41392,0.091966,0.25682,0.34762,0.60287,0.46988,0.43231,0.10847,0.12458,0.30906,0.37143
0.31468,0.18033,0.56334,0.32033,0.11928,0.44617,0.76536,0.44471,0.42991,0.42827,0.25361,0.40531,0.1966,0.51678,0.29498,0.27752,0.24806,0.2371,0.18903,0.38123,0.31693,0.3988,0.30406,0.65196,0.19516,0.51219,0.43708,0.46106,0.37138,0.44318,0.14181,0.096924,0.31106,0.2767,0.38454,0.20694,0.75487,0.34121,0.12576,0.44434,1,0.5211,0.4631,0.41194,0.36225,0.3973,0.26405,0.70034,0.31154,0.27239,0.3638,0.45715,0.36197,0.38061,0.33043,0.42237,0.31257,0.73341,0.2118,0.67428,0.6213,0.48128,0.38853,0.4546,0.24159,0.1204,0.3078,0.30321
0.31172,0.20624,0.31884,0.30212,0.1214,0.45924,0.43573,0.52379,0.19324,0.39007,0.22956,0.34045,0.11872,0.37273,0.19515,0.28237,0.27345,0.21964,0.25133,0.28654,0.3316,0.28221,0.3827,0.30913,0.081302,0.35764,0.33039,0.50614,0.35252,0.46238,0.095378,0.10671,0.24943,0.30259,0.36339,0.20009,0.41767,0.31256,0.12936,0.50348,0.5211,1,0.20623,0.4057,0.26803,0.34734,0.13064,0.47067,0.2219,0.29051,0.35656,0.28529,0.35771,0.28212,0.34579,0.27341,0.39351,0.34601,0.080709,0.40766,0.39329,0.53176,0.38226,0.49823,0.11938,0.12653,0.2481,0.33391
0.1659,0.15536,0.2957,0.24954,0.077598,0.26089,0.44192,0.18029,0.45081,0.26826,0.16225,0.3055,0.25378,0.30942,0.25426,0.20901,0.086376,0.10582,0.067382,0.30214,0.24719,0.32186,0.18644,0.5618,0.25246,0.24477,0.33984,0.22498,0.25816,0.1772,0.1385,0.073225,0.24609,0.19244,0.19378,0.16584,0.31375,0.2628,0.081171,0.25212,0.4631,0.20623,1,0.26127,0.18384,0.30889,0.27765,0.36467,0.26703,0.21217,0.081143,0.15312,0.11339,0.30455,0.25106,0.33236,0.19853,0.58719,0.23817,0.27672,0.38102,0.23771,0.25285,0.18098,0.16684,0.088922,0.242,0.19741
0.34472,0.24427,0.25223,0.55692,0.089592,0.59275,0.39136,0.37146,0.26806,0.89139,0.2093,0.57267,0.16428,0.30471,0.19983,0.36344,0.25954,0.16851,0.25107,0.53813,0.4369,0.31612,0.42206,0.38552,0.13962,0.30392,0.35006,0.5659,0.41479,0.33974,0.11645,0.078981,0.32786,0.33839,0.37542,0.23559,0.26158,0.58481,0.086377,0.60352,0.41194,0.4057,0.26127,1,0.21062,0.58737,0.1467,0.32758,0.22635,0.36368,0.25644,0.14195,0.27386,0.5642,0.4605,0.28759,0.46321,0.39981,0.12543,0.29596,0.34709,0.60457,0.4178,0.39786,0.1037,0.070215,0.32776,0.36106
0.17494,0.17679,0.26066,0.15981,0.074986,0.21189,0.29131,0.23912,0.1712,0.22793,0.27681,0.1971,0.1165,0.2389,0.12371,0.15331,0.25245,0.19628,0.2374,0.21866,0.18078,0.25196,0.20635,0.23618,0.15509,0.30812,0.26264,0.21378,0.23199,0.2935,0.065008,0.044577,0.22029,0.24553,0.21466,0.20261,0.35558,0.17009,0.095673,0.20525,0.36225,0.26803,0.18384,0.21062,1,0.19547,0.21579,0.32285,0.13168,0.1618,0.32963,0.35031,0.38708,0.21687,0.18309,0.2613,0.20375,0.26524,0.17367,0.41132,0.37734,0.2141,0.24866,0.29546,0.1385,0.080007,0.21593,0.2848
0.32961,0.30035,0.22834,0.78938,0.090395,0.57742,0.37407,0.32531,0.2853,0.5585,0.20801,0.82633,0.13658,0.26362,0.26098,0.44033,0.27971,0.10547,0.23195,0.75202,0.52941,0.34111,0.51834,0.46946,0.12678,0.31853,0.36308,0.64944,0.44966,0.42566,0.090318,0.070317,0.38477,0.42212,0.3954,0.28433,0.2575,0.80142,0.084409,0.59567,0.3973,0.34734,0.30889,0.58737,0.19547,1,0.12803,0.27954,0.32447,0.45891,0.29019,0.094627,0.26366,0.75977,0.53491,0.31113,0.5418,0.50799,0.10798,0.29689,0.37118,0.66141,0.4509,0.47254,0.074019,0.072261,0.38565,0.43783
0.14047,0.039295,0.20592,0.086311,0.067842,0.17052,0.28822,0.11495,0.29835,0.14637,0.12424,0.13972,0.34429,0.29068,0.18525,0.1176,0.026715,0.15672,0.068225,0.12765,0.15502,0.13387,0.084432,0.32446,0.2399,0.053425,0.26875,0.054492,0.18885,0.022039,0.19821,0.099459,0.1354,0.0773,0.13144,0.038412,0.16548,0.095852,0.071776,0.17582,0.26405,0.13064,0.27765,0.1467,0.21579,0.12803,1,0.31751,0.17295,0.1093,-0.030058,0.17884,0.058705,0.12206,0.16116,0.11949,0.096444,0.30344,0.26353,0.069973,0.26186,0.0613,0.18623,0.016543,0.2286,0.12835,0.13004,0.077984
0.43883,0.11118,0.47367,0.21825,0.11083,0.3552,0.6176,0.36135,0.3703,0.32818,0.24668,0.28535,0.2697,0.65358,0.22987,0.24496,0.2768,0.34483,0.29327,0.25055,0.30807,0.29418,0.25061,0.49863,0.20297,0.30422,0.47506,0.24472,0.43062,0.32717,0.25638,0.17429,0.26361,0.21492,0.47519,0.12632,0.54419,0.23289,0.12512,0.36981,0.70034,0.47067,0.36467,0.32758,0.32285,0.27954,0.31751,1,0.23234,0.23529,0.25574,0.5186,0.39326,0.24438,0.3315,0.29377,0.2768,0.52434,0.21223,0.41445,0.59334,0.26532,0.46956,0.3148,0.32711,0.21451,0.26736,0.24957
0.1507,0.12891,0.18943,0.2483,0.076577,0.32935,0.28651,0.20561,0.23636,0.21751,0.12103,0.31015,0.16418,0.19973,0.27038,0.21217,0.10384,0.086982,0.087785,0.2545,0.23556,0.17777,0.22251,0.34327,0.12355,0.15888,0.23167,0.27334,0.23911,0.17943,0.077846,0.064902,0.18967,0.18938,0.18872,0.12413,0.21505,0.25228,0.10554,0.35871,0.31154,0.2219,0.26703,0.22635,0.13168,0.32447,0.17295,0.23234,1,0.21699,0.11291,0.095094,0.12169,0.25121,0.23946,0.16536,0.23005,0.36228,0.10846,0.16401,0.23819,0.27544,0.24718,0.19529,0.085496,0.084655,0.19248,0.19921
0.31403,0.30086,0.18641,0.46126,0.080276,0.37545,0.26273,0.27793,0.20685,0.35007,0.18239,0.44162,0.13003,0.22929,0.18635,0.65614,0.28452,0.10039,0.22323,0.37663,0.63354,0.33627,0.64447,0.3572,0.096936,0.27846,0.39606,0.51604,0.45833,0.47068,0.07485,0.062263,0.38314,0.45091,0.36597,0.27004,0.20446,0.45923,0.076537,0.38373,0.27239,0.29051,0.21217,0.36368,0.1618,0.45891,0.1093,0.23529,0.21699,1,0.28139,0.063335,0.24172,0.36737,0.65295,0.32962,0.67253,0.3777,0.083469,0.24543,0.39892,0.53462,0.46258,0.52757,0.052987,0.064252,0.38045,0.47242
0.23208,0.32549,0.20496,0.27712,0.064025,0.26977,0.20977,0.29532,0.043385,0.27777,0.26165,0.28323,-0.060423,0.13802,0.077236,0.2533,0.45426,0.11014,0.32608,0.29029,0.27123,0.30369,0.42201,0.15587,0.033006,0.4288,0.24941,0.39764,0.30745,0.53499,-0.048381,0.016406,0.28489,0.4181,0.35619,0.34069,0.42433,0.27762,0.076743,0.27038,0.3638,0.35656,0.081143,0.25644,0.32963,0.29019,-0.030058,0.25574,0.11291,0.28139,1,0.23526,0.59298,0.28515,0.27023,0.32744,0.42957,0.23519,0.051223,0.54683,0.45004,0.40528,0.34549,0.59684,-0.0084764,0.016223,0.27806,0.46953
0.2354,-0.0087789,0.3882,0.034915,0.070323,0.15675,0.40719,0.25145,0.15806,0.16075,0.22133,0.10095,0.12356,0.43495,0.1034,0.076642,0.22212,0.43257,0.29088,0.10579,0.11042,0.13995,0.089035,0.1665,0.061774,0.23525,0.27395,0.069219,0.18705,0.20848,0.14502,0.098816,0.1343,0.086572,0.20225,0.022039,0.45102,0.050412,0.089024,0.1596,0.45715,0.28529,0.15312,0.14195,0.35031,0.094627,0.17884,0.5186,0.095094,0.063335,0.23526,1,0.38389,0.10219,0.12731,0.14052,0.090271,0.18683,0.086543,0.37309,0.38079,0.067443,0.19318,0.15968,0.24188,0.12457,0.13378,0.11072
0.31525,0.26613,0.25168,0.23109,0.075568,0.2793,0.2683,0.29705,0.09865,0.29114,0.31864,0.26173,0.027082,0.28508,0.10621,0.22268,0.47602,0.24991,0.45788,0.27181,0.23561,0.29396,0.33092,0.19245,0.07858,0.36773,0.31679,0.30326,0.32844,0.47012,0.053008,0.062917,0.27052,0.36218,0.40677,0.28422,0.39222,0.23773,0.083852,0.27605,0.36197,0.35771,0.11339,0.27386,0.38708,0.26366,0.058705,0.39326,0.12169,0.24172,0.59298,0.38389,1,0.26863,0.24116,0.29502,0.33388,0.24293,0.087742,0.45134,0.47147,0.30852,0.36978,0.47397,0.099772,0.079803,0.2664,0.39895
0.24085,0.30747,0.25252,0.70468,0.087577,0.45768,0.35642,0.27753,0.30087,0.55575,0.23169,0.73777,0.12881,0.23013,0.21998,0.34945,0.2704,0.10089,0.22513,0.85362,0.42267,0.36334,0.43028,0.46263,0.16239,0.35208,0.35478,0.54298,0.35606,0.38819,0.075173,0.052303,0.38422,0.39368,0.30427,0.3029,0.27621,0.73885,0.07567,0.45041,0.38061,0.28212,0.30455,0.5642,0.21687,0.75977,0.12206,0.24438,0.25121,0.36737,0.28515,0.10219,0.26863,1,0.4247,0.33476,0.44021,0.48944,0.14179,0.32653,0.37366,0.54616,0.35006,0.41183,0.069963,0.047264,0.3818,0.39912
0.41203,0.28603,0.2629,0.53835,0.095049,0.43665,0.33496,0.32637,0.25877,0.4315,0.20301,0.51376,0.19235,0.31837,0.21053,0.63781,0.31048,0.16345,0.26339,0.43668,0.86188,0.33016,0.75347,0.39209,0.11602,0.28783,0.46687,0.55121,0.56967,0.48287,0.12896,0.091768,0.44888,0.49495,0.45204,0.24861,0.24322,0.53862,0.095667,0.45851,0.33043,0.34579,0.25106,0.4605,0.18309,0.53491,0.16116,0.3315,0.23946,0.65295,0.27023,0.12731,0.24116,0.4247,1,0.28695,0.82193,0.39584,0.090423,0.24664,0.43478,0.58529,0.58474,0.58455,0.099334,0.099574,0.45784,0.53471
0.16534,0.32041,0.22327,0.29708,0.078652,0.25412,0.34115,0.23828,0.29876,0.30678,0.23106,0.31271,0.085133,0.21921,0.15392,0.2828,0.21882,0.078715,0.14182,0.33507,0.29328,0.46906,0.32022,0.43507,0.20771,0.39974,0.32257,0.35113,0.28272,0.40931,0.036916,0.034233,0.31888,0.36759,0.24208,0.34882,0.3377,0.3054,0.076736,0.24093,0.42237,0.27341,0.33236,0.28759,0.2613,0.31113,0.11949,0.29377,0.16536,0.32962,0.32744,0.14052,0.29502,0.33476,0.28695,1,0.32228,0.47944,0.20942,0.46125,0.45471,0.35939,0.29398,0.43242,0.063994,0.03753,0.30877,0.37714
0.38094,0.35984,0.22065,0.54942,0.090981,0.46494,0.28104,0.36392,0.19187,0.44005,0.21402,0.52056,0.12201,0.25405,0.19047,0.6413,0.37662,0.12082,0.28601,0.45371,0.77691,0.35332,0.82626,0.33649,0.082316,0.33579,0.45979,0.63391,0.54663,0.58298,0.074795,0.071643,0.43943,0.54483,0.45867,0.32209,0.27554,0.54373,0.095351,0.48435,0.31257,0.39351,0.19853,0.46321,0.20375,0.5418,0.096444,0.2768,0.23005,0.67253,0.42957,0.090271,0.33388,0.44021,0.82193,0.32228,1,0.36124,0.062483,0.31831,0.48195,0.67029,0.56958,0.69985,0.044969,0.076685,0.44488,0.58878
0.26445,0.27158,0.40446,0.45796,0.10488,0.42395,0.63766,0.28941,0.54313,0.40975,0.22367,0.51115,0.25655,0.40079,0.34844,0.36301,0.17559,0.075353,0.1059,0.48908,0.39571,0.46845,0.34568,0.82919,0.29664,0.4286,0.4633,0.47101,0.40049,0.37434,0.16103,0.083377,0.37197,0.3391,0.35207,0.28373,0.51591,0.47139,0.10348,0.41392,0.73341,0.34601,0.58719,0.39981,0.26524,0.50799,0.30344,0.52434,0.36228,0.3777,0.23519,0.18683,0.24293,0.48944,0.39584,0.47944,0.36124,1,0.28794,0.50292,0.58321,0.4871,0.40538,0.38762,0.20484,0.11006,0.36169,0.3512
0.060068,0.13757,0.11584,0.086595,0.042768,0.097888,0.17987,0.04126,0.24656,0.13214,0.14363,0.11519,0.1998,0.15107,0.12235,0.083554,0.030607,0.032495,0.02127,0.14021,0.093308,0.19798,0.0491,0.28714,0.31245,0.12282,0.23236,0.044027,0.14075,0.048069,0.092856,0.047958,0.15048,0.12557,0.097545,0.17414,0.14691,0.091629,0.050612,0.091966,0.2118,0.080709,0.23817,0.12543,0.17367,0.10798,0.26353,0.21223,0.10846,0.083469,0.051223,0.086543,0.087742,0.14179,0.090423,0.20942,0.062483,0.28794,1,0.18044,0.29327,0.055172,0.14315,0.066355,0.11442,0.060432,0.14065,0.12685
0.16398,0.29332,0.40432,0.26909,0.079987,0.26251,0.45916,0.32709,0.22749,0.33272,0.27274,0.30137,-0.0068687,0.2207,0.13826,0.22638,0.2945,0.099259,0.1659,0.32634,0.24377,0.40742,0.31603,0.4076,0.144,0.65852,0.33074,0.41297,0.26357,0.50365,-0.011201,0.0080725,0.3009,0.34451,0.27238,0.34124,0.68381,0.28282,0.096838,0.25682,0.67428,0.40766,0.27672,0.29596,0.41132,0.29689,0.069973,0.41445,0.16401,0.24543,0.54683,0.37309,0.45134,0.32653,0.24664,0.46125,0.31831,0.50292,0.18044,1,0.60715,0.42112,0.29625,0.54733,0.09886,0.019625,0.29003,0.38792
0.34043,0.33398,0.46603,0.32748,0.099368,0.34681,0.52556,0.31548,0.37363,0.36451,0.32113,0.37867,0.22016,0.45926,0.2325,0.37941,0.3931,0.22896,0.29979,0.38371,0.43517,0.44019,0.4696,0.55006,0.29003,0.50161,0.64921,0.3868,0.44558,0.48766,0.1779,0.10605,0.38617,0.41256,0.41583,0.37329,0.59384,0.33292,0.11246,0.34762,0.6213,0.39329,0.38102,0.34709,0.37734,0.37118,0.26186,0.59334,0.23819,0.39892,0.45004,0.38079,0.47147,0.37366,0.43478,0.45471,0.48195,0.58321,0.29327,0.60715,1,0.39708,0.45137,0.50863,0.22791,0.1257,0.37493,0.43497
0.29698,0.3441,0.22785,0.64772,0.10132,0.59062,0.39427,0.49271,0.21173,0.57792,0.20366,0.63444,0.065054,0.23487,0.22468,0.50228,0.295,0.065495,0.21703,0.54683,0.57045,0.37819,0.63499,0.42982,0.061951,0.4086,0.35087,0.89546,0.42925,0.60868,0.045982,0.054361,0.3628,0.46639,0.37944,0.32267,0.34808,0.65776,0.099361,0.60287,0.48128,0.53176,0.23771,0.60457,0.2141,0.66141,0.0613,0.26532,0.27544,0.53462,0.40528,0.067443,0.30852,0.54616,0.58529,0.35939,0.67029,0.4871,0.055172,0.42112,0.39708,1,0.44065,0.713,0.035183,0.048628,0.36178,0.49617
0.52759,0.27001,0.27068,0.42824,0.099871,0.43944,0.35262,0.31555,0.25681,0.39083,0.23036,0.43718,0.1933,0.37535,0.21645,0.45334,0.36008,0.1839,0.31701,0.36203,0.56139,0.31649,0.53431,0.38856,0.15334,0.28315,0.42907,0.41647,0.7185,0.43555,0.13449,0.11678,0.47857,0.43869,0.62541,0.25504,0.29609,0.42885,0.10667,0.46988,0.38853,0.38226,0.25285,0.4178,0.24866,0.4509,0.18623,0.46956,0.24718,0.46258,0.34549,0.19318,0.36978,0.35006,0.58474,0.29398,0.56958,0.40538,0.14315,0.29625,0.45137,0.44065,1,0.49498,0.12752,0.14994,0.50766,0.49498
0.29723,0.41099,0.22079,0.46378,0.097021,0.42047,0.31431,0.43882,0.14974,0.39764,0.25522,0.4599,0.0053313,0.23201,0.15666,0.48603,0.40127,0.098605,0.28052,0.41973,0.57638,0.42582,0.67724,0.32242,0.058877,0.48057,0.36349,0.67683,0.45461,0.76479,-0.0030869,0.038867,0.41871,0.58257,0.42631,0.39624,0.41137,0.46552,0.10091,0.43231,0.4546,0.49823,0.18098,0.39786,0.29546,0.47254,0.016543,0.3148,0.19529,0.52757,0.59684,0.15968,0.47397,0.41183,0.58455,0.43242,0.69985,0.38762,0.066355,0.54733,0.50863,0.713,0.49498,1,0.0084009,0.036391,0.4229,0.63074
0.14561,-0.02034,0.19876,0.046972,0.041349,0.10732,0.256,0.099748,0.18596,0.10782,0.090858,0.079725,0.19319,0.28658,0.096054,0.063427,0.057202,0.15073,0.10078,0.075629,0.095863,0.0726,0.039442,0.21835,0.1047,0.056497,0.20137,0.033585,0.13047,0.033953,0.24039,0.076478,0.078295,0.017048,0.12391,-0.014323,0.1711,0.051488,0.054588,0.10847,0.24159,0.11938,0.16684,0.1037,0.1385,0.074019,0.2286,0.32711,0.085496,0.052987,-0.0084764,0.24188,0.099772,0.069963,0.099334,0.063994,0.044969,0.20484,0.11442,0.09886,0.22791,0.035183,0.12752,0.0084009,1,0.11128,0.070001,0.020253
0.1296,0.011257,0.085609,0.055561,0.043927,0.11165,0.12038,0.084904,0.089871,0.06672,0.049551,0.072719,0.11895,0.17515,0.079915,0.068718,0.047714,0.093131,0.073353,0.050712,0.093772,0.039566,0.062702,0.11081,0.06165,-0.0016175,0.12051,0.043753,0.13658,0.036896,0.099371,0.084926,0.056897,0.044427,0.12433,0.012498,0.075537,0.06056,0.10076,0.12458,0.1204,0.12653,0.088922,0.070215,0.080007,0.072261,0.12835,0.21451,0.084655,0.064252,0.016223,0.12457,0.079803,0.047264,0.099574,0.03753,0.076685,0.11006,0.060432,0.019625,0.1257,0.048628,0.14994,0.036391,0.11128,1,0.059465,0.06091
0.26977,0.27463,0.23018,0.35784,0.077052,0.30296,0.2831,0.22351,0.24236,0.32371,0.21156,0.3785,0.13225,0.23253,0.17287,0.36563,0.26381,0.12517,0.21732,0.3874,0.44648,0.32804,0.42934,0.35031,0.15277,0.29285,0.34862,0.34737,0.46115,0.37541,0.073577,0.057699,0.49026,0.40527,0.34382,0.27051,0.25031,0.36456,0.074512,0.30906,0.3078,0.2481,0.242,0.32776,0.21593,0.38565,0.13004,0.26736,0.19248,0.38045,0.27806,0.13378,0.2664,0.3818,0.45784,0.30877,0.44488,0.36169,0.14065,0.29003,0.37493,0.36178,0.50766,0.4229,0.070001,0.059465,1,0.45061
0.27758,0.39792,0.16679,0.42942,0.089705,0.36203,0.23588,0.29205,0.18389,0.3585,0.25374,0.42557,0.077008,0.19814,0.16362,0.44318,0.35645,0.091325,0.26954,0.40703,0.52326,0.38754,0.56995,0.3149,0.1319,0.3607,0.35366,0.47767,0.44955,0.54098,0.030261,0.058001,0.42207,0.56753,0.38345,0.38179,0.25739,0.42751,0.10086,0.37143,0.30321,0.33391,0.19741,0.36106,0.2848,0.43783,0.077984,0.24957,0.19921,0.47242,0.46953,0.11072,0.39895,0.39912,0.53471,0.37714,0.58878,0.3512,0.12685,0.38792,0.43497,0.49617,0.49498,0.63074,0.020253,0.06091,0.45061,1
