0.000000000000000000e+00,9.402491660033665544e-02,6.417502798673294095e-02,1.278905450486304274e-01,1.587640033760247815e-01,8.954447688431992070e-02,9.698358271821241883e-02,1.471545139917649347e-01,2.499984785467078419e-01,1.557486431038928587e-01,6.863765869158219846e-02,8.874941343971762264e-02,9.799363552064933869e-02,8.345661375746112054e-02,1.569143005398756785e-01,4.909438295459823964e-02,6.694330424421407466e-02,1.253619857688063610e-01,1.357826275658509108e-01,1.448015464371567584e-01,7.710911062246657288e-02,6.258201834392210228e-02,1.503684639567715309e-01,1.130772273675814954e-01,1.402317413593464623e-01,8.242779102598803143e-02,1.683086724439184501e-01,1.018067498074160387e-01,1.124160518126915004e-01,7.667343046077612634e-02,1.438574126005159881e-01,1.447700283310618397e-01,1.163000818381718232e-01,9.355413090584126234e-02,1.884876273816749603e-01,1.152923992998111657e-01,9.322235799635811282e-02,1.031569675353897902e-01,1.104810194697975617e-01,1.365988952647569088e-01,1.812532611150170503e-01,1.668594161142723520e-01,1.025879119735171041e-01,1.386616015618118702e-01,1.340607268062453117e-01,8.764442195184841966e-02,1.106499488311234736e-01,7.644351484538032537e-02,1.144123907156115588e-01,1.617295881025555548e-01,8.656614398073039784e-02,1.093921714021232894e-01,8.307487311880305814e-02,1.079306793849485191e-01,8.577293831067436813e-02,1.432004010230572277e-01,1.080774435741019834e-01,9.739165250647419114e-02,5.761849318468999920e-02,1.593968638843823449e-01,1.430909204472112228e-01,5.278200136770644368e-02,9.171832934819339200e-02,1.178918743183488826e-01,1.145947088659086954e-01,1.460570176632719486e-01,1.152940008295924301e-01,1.581250570544984746e-01,9.212659132002891382e-02,1.386981164408242762e-01,1.427501789709530455e-01
9.402491660033665544e-02,0.000000000000000000e+00,5.810779256345662697e-02,1.277515322636182116e-01,1.509340602143167120e-01,8.532194752427518791e-02,1.076673238277202349e-01,1.411157217374035544e-01,2.397887261912578505e-01,1.445533733822547129e-01,7.347908322029200745e-02,8.546916014176741960e-02,1.070625221211301270e-01,7.793498750006006004e-02,1.465212050550686040e-01,4.755223789763984160e-02,6.963701327508034500e-02,1.286913740004452245e-01,1.252934402941690006e-01,1.180833532189947965e-01,8.250549725097411358e-02,7.411091874958961045e-02,1.421741407392340950e-01,1.070753984205713161e-01,1.341143460233214513e-01,8.155822441596213834e-02,1.658500039237479629e-01,1.016776024458562883e-01,1.163872050582716450e-01,7.264513463260105497e-02,1.322344063049024632e-01,1.263350112027007977e-01,1.043672115604825645e-01,8.768586954258708599e-02,1.748205565956601759e-01,1.115981185228130113e-01,9.368045957498602472e-02,1.090454722350789607e-01,1.025837479960858695e-01,1.196524680374694005e-01,1.837369134997749731e-01,1.673413484560452025e-01,8.909252518005197907e-02,1.396196366769538177e-01,1.314698359873351097e-01,7.566209643451424216e-02,9.244939566273702169e-02,6.074218093122549927e-02,1.065403593512523200e-01,1.553606244684923032e-01,7.984804685435525906e-02,1.013670978518681071e-01,8.365565187867450569e-02,1.174211526850447440e-01,8.573693592119194240e-02,1.271196326731293680e-01,1.108085643406581805e-01,8.772347346185076222e-02,6.404485564611317461e-02,1.555636984447544280e-01,1.312039820436480819e-01,6.983002964431624104e-02,8.336820931353627895e-02,1.042755399958039952e-01,1.085277937485886329e-01,1.384206674215210375e-01,1.164128295347716391e-01,1.524956798734150853e-01,9.373978023808340887e-02,1.314692594366138612e-01,1.277630632780431541e-01
6.417502798673294095e-02,5.810779256345662697e-02,0.000000000000000000e+00,1.300221811874702760e-01,1.514506496605557695e-01,8.850156069077182164e-02,1.113285490300335023e-01,1.416316705717301505e-01,2.362317285471081940e-01,1.436324296968464198e-01,8.057988190319394228e-02,8.913736801392690978e-02,1.093828825293920726e-01,8.154009509883838880e-02,1.498471339823799764e-01,4.485603048031479995e-02,7.659450707315627882e-02,1.283491591167883472e-01,1.195092912750258946e-01,1.215636696172183867e-01,8.071511507792242246e-02,8.042856936946171653e-02,1.458031431623486862e-01,1.099293244907535855e-01,1.318812369575418364e-01,8.029282370520321455e-02,1.654963220868573559e-01,1.007890096620291664e-01,1.201081352908297956e-01,7.544595397523715108e-02,1.267348811584826096e-01,1.253634591762051165e-01,1.010729288616486754e-01,9.020353841989868504e-02,1.728577857569550402e-01,1.131780596826088281e-01,9.567679847790608316e-02,1.101182409437494875e-01,1.071011510194537913e-01,1.156187270080381024e-01,1.856812987765913969e-01,1.711731045494656045e-01,9.002327022772152465e-02,1.408185418711953851e-01,1.361637275925964563e-01,7.382482146946760249e-02,9.432446673062110098e-02,6.250815579041099634e-02,1.038732357147547358e-01,1.500974210565932387e-01,8.502995661455822751e-02,1.033222454088144893e-01,8.589856230671535919e-02,1.190533037157092411e-01,8.930789890503407213e-02,1.253459064098026432e-01,1.155695280131581598e-01,9.034453710183965036e-02,7.033777864616280739e-02,1.553235970999498616e-01,1.270033616110108343e-01,6.777456226187253407e-02,8.539465697634378294e-02,1.040163484160069735e-01,1.128924748920168419e-01,1.415926573062589178e-01,1.150537713624053826e-01,1.563851551001516627e-01,9.744399049972533866e-02,1.330729672983633760e-01,1.255657644181722432e-01
1.278905450486304274e-01,1.277515322636182116e-01,1.300221811874702760e-01,0.000000000000000000e+00,1.385856249889894920e-01,7.488240767581193225e-02,9.745071692480658521e-02,1.373318834150380474e-01,2.419852563168338189e-01,1.455006462172667436e-01,6.304140114637502013e-02,8.355264148314470174e-02,9.722656681662322775e-02,7.600668158224735405e-02,1.396259787348875514e-01,6.291180535647650229e-02,6.459168197462217265e-02,1.266078478162340759e-01,1.386289303542744267e-01,1.325151865061506840e-01,8.215335288267353042e-02,5.884564936427275766e-02,1.270103442808570571e-01,1.009473048656076566e-01,1.300497274997077235e-01,8.563578330020835128e-02,1.625562977756352945e-01,1.229758345171307610e-01,1.232954358002764372e-01,6.903131471181274403e-02,1.357908273983308711e-01,1.378869736372183019e-01,1.153095036378748856e-01,8.474757488352874235e-02,1.764750649820709116e-01,1.172593341159475500e-01,9.409288552425275343e-02,1.080236321734520805e-01,1.050336401330550923e-01,1.314461333465726245e-01,1.708219210990337689e-01,1.526186773606148794e-01,9.074709762765391374e-02,1.274387214667450086e-01,1.198566310539827678e-01,8.508139775113186809e-02,1.059423481309346854e-01,6.975315621481636974e-02,1.006288566839044496e-01,1.642769813726071004e-01,9.072352310927397911e-02,1.107484108820745716e-01,9.197265227745543559e-02,1.121624976177244548e-01,8.525820663898155127e-02,1.388213701727890603e-01,1.026463998411282497e-01,8.836760873986834741e-02,5.575655466101218233e-02,1.548091216730220765e-01,1.284846485362818591e-01,5.650632684340081008e-02,8.788458735784421272e-02,1.089519428958541231e-01,1.034043077948056111e-01,1.295412738247573858e-01,1.038133385009360754e-01,1.385615379810795078e-01,9.671830532524668123e-02,1.289586372903397393e-01,1.307438945680914344e-01
1.587640033760247815e-01,1.509340602143167120e-01,1.514506496605557695e-01,1.385856249889894920e-01,0.000000000000000000e+00,9.220000544520126629e-02,9.934116267859058325e-02,1.402010560487377544e-01,2.443896650080156496e-01,1.744828259953908056e-01,5.925890810902574579e-02,1.067481738556669557e-01,1.000389171736842941e-01,1.065137098956923517e-01,1.287966265376687958e-01,1.224236270485567768e-01,1.023370483485825516e-01,1.322315876124874334e-01,1.715763056871923709e-01,1.733765532836965828e-01,1.058717526981773072e-01,7.092297762823049356e-02,1.072549619396447468e-01,1.022636342234101853e-01,1.200843685888760975e-01,1.159249395022124984e-01,1.601630357317309628e-01,1.849740632251926920e-01,1.501719242220168893e-01,8.276488101434491262e-02,1.446784848887657515e-01,1.706779756022953065e-01,1.502131796291818200e-01,1.009537109847326308e-01,1.849185862335703256e-01,1.335529778043987870e-01,1.176435090798730876e-01,1.394066972772392554e-01,1.237249660876068857e-01,1.655983715645183985e-01,1.481692432611630417e-01,1.255111202220360878e-01,1.010583869712349259e-01,1.306122488200729126e-01,1.160178922907161014e-01,1.111633992789912984e-01,1.524608946465663972e-01,1.090586688404764359e-01,1.069003832460766468e-01,1.963636946010829387e-01,1.510853727480489517e-01,1.463398478226401456e-01,1.396619811243700049e-01,1.172438313076650668e-01,1.220559158107824560e-01,1.647120849835763123e-01,1.126261725199911023e-01,1.083520098397989795e-01,8.233579915535318983e-02,1.659550002162065163e-01,1.377814648552297128e-01,8.137936556999246507e-02,1.330278682197234552e-01,1.370922304985722207e-01,9.847217261928595256e-02,1.159182771383225202e-01,1.036648446596188516e-01,1.110593639044014785e-01,1.188695762192045757e-01,1.414761940605666346e-01,1.335352328544225364e-01
8.954447688431992070e-02,8.532194752427518791e-02,8.850156069077182164e-02,7.488240767581193225e-02,9.220000544520126629e-02,0.000000000000000000e+00,8.998105390268784642e-02,1.341386252148051850e-01,2.468175200951949200e-01,1.541349416963083141e-01,4.894460788945600299e-02,8.378255709854053046e-02,8.447070241494678000e-02,8.536582944028135722e-02,1.359947341700792622e-01,8.441343170996937206e-02,6.480596665935300926e-02,1.223939667170080570e-01,1.527250189380896794e-01,1.558409552804839449e-01,7.840077642163793825e-02,4.369447296057192565e-02,1.168802840473220084e-01,9.541030392230658019e-02,1.264658241552330808e-01,8.959739142829228897e-02,1.584473489076766162e-01,1.426769570293544565e-01,1.261668505756698699e-01,6.911248024112633115e-02,1.432039243885759594e-01,1.513468064695397131e-01,1.283900301568057789e-01,8.222279521398841162e-02,1.817677365419448354e-01,1.212179313680427500e-01,9.672041934455792578e-02,1.111247063194763796e-01,1.088602072699843132e-01,1.448048135579105278e-01,1.577659940775428815e-01,1.391357184382522039e-01,9.614265146067524359e-02,1.215053098719897084e-01,1.157074517579191608e-01,9.849215971095590105e-02,1.277642804406769472e-01,8.483565902149732552e-02,1.017057253088149704e-01,1.777788383463884681e-01,1.114217580633020815e-01,1.219144687005027095e-01,9.705456251811730994e-02,1.062376702225966418e-01,8.985440492758683950e-02,1.529385348885255458e-01,9.821586379309515946e-02,9.265278994495540488e-02,4.629798383415840990e-02,1.610924995555755024e-01,1.348019147890064384e-01,4.635442174364952372e-02,9.925781906877449712e-02,1.192247955246851926e-01,9.914660884076469116e-02,1.262206619763198145e-01,9.874122962253545355e-02,1.252265604105041175e-01,9.948088013670657037e-02,1.289574201277060017e-01,1.378077299436421543e-01
9.698358271821241883e-02,1.076673238277202349e-01,1.113285490300335023e-01,9.745071692480658521e-02,9.934116267859058325e-02,8.998105390268784642e-02,0.000000000000000000e+00,1.481220301632118763e-01,2.639399234148459006e-01,1.881149193709831524e-01,4.638318521852072968e-02,1.052978925469608418e-01,9.348814787885388611e-02,1.103601360019090122e-01,1.367812134150540593e-01,1.285706186549392394e-01,8.304399562462064233e-02,1.260195738969863977e-01,1.856075002842715316e-01,2.106805380499452984e-01,9.998561826256438523e-02,4.985305964257057826e-02,1.188874492915632936e-01,1.052001351691135567e-01,1.295537657570511036e-01,1.158402506073801658e-01,1.656591656350145381e-01,1.808157872399716315e-01,1.408445507148428089e-01,9.074684138288893753e-02,1.736921827729847323e-01,1.890362474235389445e-01,1.611993536225802826e-01,1.051590078843311210e-01,2.028974236190409230e-01,1.320099999519541156e-01,1.084653981483112845e-01,1.363676984255360602e-01,1.225836519042989847e-01,1.915810782459405337e-01,1.482576477050878971e-01,1.175046884784346074e-01,1.236153573893783442e-01,1.328383752160063325e-01,1.124747959250676221e-01,1.345010193737057602e-01,1.766377163466543165e-01,1.337698249367796077e-01,1.283280189236759017e-01,2.084403822531281647e-01,1.537294984168878220e-01,1.483038358239790744e-01,1.281143107896662858e-01,9.643643608374716236e-02,1.156001492625755994e-01,1.902791626561691485e-01,1.010439732032036853e-01,1.064601547398074805e-01,5.963270515996881016e-02,1.811562724714647632e-01,1.585813649197713449e-01,6.463652480849708948e-02,1.404605679344910207e-01,1.554969466834720537e-01,9.599057019264800594e-02,1.289131538445523195e-01,1.126922836693609736e-01,1.116703795465428389e-01,1.064860354610724091e-01,1.532843371988923953e-01,1.630612280850668450e-01
1.471545139917649347e-01,1.411157217374035544e-01,1.416316705717301505e-01,1.373318834150380474e-01,1.402010560487377544e-01,1.341386252148051850e-01,1.481220301632118763e-01,0.000000000000000000e+00,2.368651656061870059e-01,1.435437049469653337e-01,6.988954249098741633e-02,8.633642054890830475e-02,1.019235333590645665e-01,7.508144579702533128e-02,1.394231610033904167e-01,5.706135300438978930e-02,7.072983313661208860e-02,1.288102075102137423e-01,1.333679050228778473e-01,1.236220197532683224e-01,8.407275429490247698e-02,6.975840923249890246e-02,1.291541520460343651e-01,1.017731176820098477e-01,1.295590828359248492e-01,8.634763125737705824e-02,1.631475185096804559e-01,1.195193488820521510e-01,1.249375803767759086e-01,6.899294205825402815e-02,1.296455654441121819e-01,1.333779626299041177e-01,1.103248382855303439e-01,8.657242197747286316e-02,1.725428609407705927e-01,1.176115425454394153e-01,9.615546369892521983e-02,1.112138154365049508e-01,1.053055158287195814e-01,1.251864581047816560e-01,1.740931417690177729e-01,1.568376192939495983e-01,8.698036364335212656e-02,1.290214172577646423e-01,1.242088202651172313e-01,7.881941630645591945e-02,9.999292123836689417e-02,6.131738636745818344e-02,9.873860311369421494e-02,1.604637389634578915e-01,8.787894997301423650e-02,1.095534134204992488e-01,9.396412252984050195e-02,1.168034106178221510e-01,8.892724730662730781e-02,1.321624015259375839e-01,1.064319678156575161e-01,8.919925112467427808e-02,6.482031636619298154e-02,1.527744741777345705e-01,1.246308553930714630e-01,6.341276387205059539e-02,8.597332171690397207e-02,1.052562527726484259e-01,1.049827114860114319e-01,1.311364615480707096e-01,1.053443369106170230e-01,1.422449283555652089e-01,9.854494613254580204e-02,1.297009783745433631e-01,1.243863338260706719e-01
2.499984785467078419e-01,2.397887261912578505e-01,2.362317285471081940e-01,2.419852563168338189e-01,2.443896650080156496e-01,2.468175200951949200e-01,2.639399234148459006e-01,2.368651656061870059e-01,0.000000000000000000e+00,1.423198799493275990e-01,1.191462565042128163e-01,1.128981122768468320e-01,1.339263904881943246e-01,9.110936366417199395e-02,1.564569676955427924e-01,7.790167568061011349e-02,1.107066429853796191e-01,1.485189533041961774e-01,1.236281696276283204e-01,8.024932615634453037e-02,1.111771724351100082e-01,1.282449956198160879e-01,1.628213189238360559e-01,1.368152299076077494e-01,1.428332663360041277e-01,1.026073865756570724e-01,1.781574399866752423e-01,1.126334114346023429e-01,1.448469658217529654e-01,1.029672823480989041e-01,1.226081873405476808e-01,1.195249862668821272e-01,1.032200678087709517e-01,1.151112983121477668e-01,1.651014489039930866e-01,1.229570645880945640e-01,1.213542535830225144e-01,1.412665217816057583e-01,1.208358704234284431e-01,1.102820454097754033e-01,2.077752349043806568e-01,1.900309255400758623e-01,1.005391710161546159e-01,1.611113335458029538e-01,1.543319298594016953e-01,7.830538930786687390e-02,8.538978832580881861e-02,6.832106828442528756e-02,1.146596028526448430e-01,1.595736087110407875e-01,9.132877324420288212e-02,1.111938924060262152e-01,1.101011366056857399e-01,1.543412827933242082e-01,1.172069320615051480e-01,1.113749933936896558e-01,1.430819518804362089e-01,1.177903373302178203e-01,1.132441067707874727e-01,1.580417775058736152e-01,1.355044738734439147e-01,1.188644513239045797e-01,9.616161357328520398e-02,1.034577348283080012e-01,1.412972070922144940e-01,1.460203746618770337e-01,1.398673613035171237e-01,1.721661811362213135e-01,1.261484650137811303e-01,1.397220705217623871e-01,1.292570343191816462e-01
1.557486431038928587e-01,1.445533733822547129e-01,1.436324296968464198e-01,1.455006462172667436e-01,1.744828259953908056e-01,1.541349416963083141e-01,1.881149193709831524e-01,1.435437049469653337e-01,1.423198799493275990e-01,0.000000000000000000e+00,1.401504477076503385e-01,1.229022922695759135e-01,1.598626528059602370e-01,1.052996862603158279e-01,1.540103426793272834e-01,9.745456059628158918e-02,1.204356161004992154e-01,1.555108479619732864e-01,9.700594007395864360e-02,8.140223541526867002e-02,1.233994071136749610e-01,1.501438013590581932e-01,1.810510199342411641e-01,1.459736099922646080e-01,1.460171716023145605e-01,1.096013952527454122e-01,1.808934934649577553e-01,1.155937431434506391e-01,1.520480843301521556e-01,1.160638882260335014e-01,1.368679522680063820e-01,1.046823285602407339e-01,1.000537793700542882e-01,1.217568781700279629e-01,1.609968561970394063e-01,1.280013068483015215e-01,1.188372893788146312e-01,1.552475564659362706e-01,1.283093771170221997e-01,1.021329493932604249e-01,2.188634583754402174e-01,2.012139595741852527e-01,1.148137340787920568e-01,1.740656595179715382e-01,1.653081743681564797e-01,9.707653550671602183e-02,9.484727011241138317e-02,7.749706519667586002e-02,1.245716628523565878e-01,1.506521909728172071e-01,8.795249222056909788e-02,1.134134204992609113e-01,1.006483312860444179e-01,1.624406032642379816e-01,1.249523785119546482e-01,1.233670562120938036e-01,1.574034717962597973e-01,1.283336563085058779e-01,1.345641196470868661e-01,1.840460728087469078e-01,1.511744818650775368e-01,1.404460901052685673e-01,8.262503543384640270e-02,1.051514486637636497e-01,1.618860255315877628e-01,1.565068713635264230e-01,1.543031663845305101e-01,1.847035328145444077e-01,1.356855748611073276e-01,1.431874606624247703e-01,1.441979618932003604e-01
6.863765869158219846e-02,7.347908322029200745e-02,8.057988190319394228e-02,6.304140114637502013e-02,5.925890810902574579e-02,4.894460788945600299e-02,4.638318521852072968e-02,6.988954249098741633e-02,1.191462565042128163e-01,1.401504477076503385e-01,0.000000000000000000e+00,8.577691010453183940e-02,8.551528419946732851e-02,9.159501155503738112e-02,1.371906284883320781e-01,9.625738505420380897e-02,6.509097489922374691e-02,1.201825743950621500e-01,1.624366955315717787e-01,1.739103111291905868e-01,8.112741290480668388e-02,3.482795566324953240e-02,1.176075066903906619e-01,9.401607615594415046e-02,1.283790116319107888e-01,9.062602197619165634e-02,1.571596549023627498e-01,1.514918410065294319e-01,1.259149619716753432e-01,7.605248533399104616e-02,1.547543493545034121e-01,1.625863424743314856e-01,1.384716601297559802e-01,8.964524513815597118e-02,1.890333646699327574e-01,1.230016511772044491e-01,9.731234475170683074e-02,1.161016843288709549e-01,1.119993978248022548e-01,1.558806091578675834e-01,1.546329533970848824e-01,1.331751448984069552e-01,1.029014274434940368e-01,1.240628248102587650e-01,1.151012407051215380e-01,1.096836498223102419e-01,1.415938104077014426e-01,9.943680603712665156e-02,1.084905741964724557e-01,1.863671378901126385e-01,1.235749347776996798e-01,1.275793357815385443e-01,1.007458964803179813e-01,9.960631194917386744e-02,9.396220069410300690e-02,1.645504585980528678e-01,9.836262798224865156e-02,9.714924495878460298e-02,3.946457656353348498e-02,1.678528130069842639e-01,1.438973227226647000e-01,4.559516850495593659e-02,1.091215128690925518e-01,1.306592697344503562e-01,9.799434019375308225e-02,1.264936267122355462e-01,1.012491611987770684e-01,1.213880778920024273e-01,9.974506848942110704e-02,1.338479795901044711e-01,1.475392014452204803e-01
8.874941343971762264e-02,8.546916014176741960e-02,8.913736801392690978e-02,8.355264148314470174e-02,1.067481738556669557e-01,8.378255709854053046e-02,1.052978925469608418e-01,8.633642054890830475e-02,1.128981122768468320e-01,1.229022922695759135e-01,8.577691010453183940e-02,0.000000000000000000e+00,9.299942505080853461e-02,7.831025795840186599e-02,1.412732482066870188e-01,6.745508910110938061e-02,6.365472299140137458e-02,1.234620589587173550e-01,1.420702334870267980e-01,1.443925797922175347e-01,7.831627971037936897e-02,4.943256198320634953e-02,1.263572404360644996e-01,9.956326282865393673e-02,1.303176314015147275e-01,8.359761243940211362e-02,1.606933983340887440e-01,1.257017663271957075e-01,1.207179978315286728e-01,6.711530854272000635e-02,1.399390457765257723e-01,1.426196222631857802e-01,1.201431127012522193e-01,8.491035437049471168e-02,1.806122007741794711e-01,1.166522262064723925e-01,9.409455111522525839e-02,1.039275596049346467e-01,1.069917985659902399e-01,1.360322740281517118e-01,1.675974650986622461e-01,1.507971614486157408e-01,9.387091349657192274e-02,1.266194428918502868e-01,1.223712890553056154e-01,9.006221943200144742e-02,1.133438500455635350e-01,7.536434001758481049e-02,1.015216134451628199e-01,1.675613986479885520e-01,9.760126072424382682e-02,1.137208501560691004e-01,8.879624217052127511e-02,1.082324716569266904e-01,8.187244455904281459e-02,1.437110968397012634e-01,1.005868966036358031e-01,9.130161129911291973e-02,4.851815253930554656e-02,1.580397275477535834e-01,1.342811613653361880e-01,4.761546629340344949e-02,9.102877468557966922e-02,1.110792869348801865e-01,1.028804794339553130e-01,1.322519590713049087e-01,1.029281409602452318e-01,1.362031892864063731e-01,9.694450539155000102e-02,1.301583752800675176e-01,1.357157476821860276e-01
9.799363552064933869e-02,1.070625221211301270e-01,1.093828825293920726e-01,9.722656681662322775e-02,1.000389171736842941e-01,8.447070241494678000e-02,9.348814787885388611e-02,1.019235333590645665e-01,1.339263904881943246e-01,1.598626528059602370e-01,8.551528419946732851e-02,9.299942505080853461e-02,0.000000000000000000e+00,9.416111069293389702e-02,1.346092187257268147e-01,9.957825314740639810e-02,6.664714935706586574e-02,1.215153674790159510e-01,1.624173490518142915e-01,1.742261328020525413e-01,8.409357418205870571e-02,4.062901683688259491e-02,1.149217412472393479e-01,9.298212852917106530e-02,1.252011281175779145e-01,9.305637544982967024e-02,1.559462078177074607e-01,1.558853496860201082e-01,1.278285338155005779e-01,7.389759498272750748e-02,1.498177939567875427e-01,1.623201682246882271e-01,1.384378998819672524e-01,8.633962360847080575e-02,1.871103117698025009e-01,1.240482829198450432e-01,9.884737901643650404e-02,1.188295379746734104e-01,1.122494927154417954e-01,1.563452449780030062e-01,1.531553820209063943e-01,1.296739445518359513e-01,1.015350022341340586e-01,1.238497572881616521e-01,1.133507045930272489e-01,1.099492475212322934e-01,1.430451807566587574e-01,1.007915080484879100e-01,1.060367743268369745e-01,1.871821884263848990e-01,1.267427606850063393e-01,1.303554275043521393e-01,1.065938504459459646e-01,1.007092534789230803e-01,9.689120648043010597e-02,1.647847944356449212e-01,1.002654375459438862e-01,9.623701359538631983e-02,4.389427981608031576e-02,1.660063132303976619e-01,1.405858075633845405e-01,4.860348204605038219e-02,1.117288033529627578e-01,1.299460764922654443e-01,9.613579691321148812e-02,1.236796748253932154e-01,9.876819938405165256e-02,1.164141748197878856e-01,1.012293662906808694e-01,1.343995464467659384e-01,1.433909190058343663e-01
8.345661375746112054e-02,7.793498750006006004e-02,8.154009509883838880e-02,7.600668158224735405e-02,1.065137098956923517e-01,8.536582944028135722e-02,1.103601360019090122e-01,7.508144579702533128e-02,9.110936366417199395e-02,1.052996862603158279e-01,9.159501155503738112e-02,7.831025795840186599e-02,9.416111069293389702e-02,0.000000000000000000e+00,1.413436514558706336e-01,5.777422594061849825e-02,6.864598664644469550e-02,1.270970831338094353e-01,1.353100481580005454e-01,1.318816213246893354e-01,8.230902157741075420e-02,6.350168080550540328e-02,1.288405725148661918e-01,1.035672154041540061e-01,1.314477348763538889e-01,8.536903249984387210e-02,1.627265724219774667e-01,1.174611909295759371e-01,1.223817310294793848e-01,7.098518104493410641e-02,1.347185711791903662e-01,1.357842931568233880e-01,1.103758950549565132e-01,8.568581509057451862e-02,1.756473943911223967e-01,1.169565809261005895e-01,9.429262831856989602e-02,1.100878759390970379e-01,1.049187143559528329e-01,1.268696659048723363e-01,1.717108341888171075e-01,1.544066252083990398e-01,9.016151427843878408e-02,1.284824704557793740e-01,1.230898634375555412e-01,8.254752139243404230e-02,1.017396777401774061e-01,6.580589779357240432e-02,9.937658851735177434e-02,1.610679641193268063e-01,9.065510575701909990e-02,1.092332355866323379e-01,9.257668524975057323e-02,1.129650562217029697e-01,8.551970442166358100e-02,1.358710320097757385e-01,1.053691285916307230e-01,9.085170955296500983e-02,5.978850197708852898e-02,1.542872792091005418e-01,1.294123827079626532e-01,5.481274113032767736e-02,8.866574952394527809e-02,1.062034615464691745e-01,1.034704830053667229e-01,1.328409376636563444e-01,1.034825265093217012e-01,1.401501274016941079e-01,9.573291608144099407e-02,1.312093631837130958e-01,1.288492848368761878e-01
1.569143005398756785e-01,1.465212050550686040e-01,1.498471339823799764e-01,1.396259787348875514e-01,1.287966265376687958e-01,1.359947341700792622e-01,1.367812134150540593e-01,1.394231610033904167e-01,1.564569676955427924e-01,1.540103426793272834e-01,1.371906284883320781e-01,1.412732482066870188e-01,1.346092187257268147e-01,1.413436514558706336e-01,0.000000000000000000e+00,1.002236055880577209e-01,7.948328243137844917e-02,1.264179063841781581e-01,1.609547679943882648e-01,1.587789296335860301e-01,9.204132587447529101e-02,5.986838628257712402e-02,1.072198564068398002e-01,9.630812151767367824e-02,1.242655144193733907e-01,1.005074607264859338e-01,1.604976273336291004e-01,1.626766687539938361e-01,1.385388603193770662e-01,7.325736743737620849e-02,1.427150734381480990e-01,1.585703463948764103e-01,1.368575743550239088e-01,9.014338496131504841e-02,1.843160907298651563e-01,1.283256486595996670e-01,1.110111898885815795e-01,1.239546254582376827e-01,1.176540791764293103e-01,1.525643534704349824e-01,1.504543059530463744e-01,1.338757821471069087e-01,9.724988509023817229e-02,1.232585365541164907e-01,1.135311009075869182e-01,1.024693987697048170e-01,1.352117782906231969e-01,9.403394922830285441e-02,9.990624644660579812e-02,1.870552191453276336e-01,1.251241265656955481e-01,1.315675293039911542e-01,1.152259037832938093e-01,1.127289266707559162e-01,1.036395404890751576e-01,1.567813735680321785e-01,1.058648981507135378e-01,9.867505441197430005e-02,6.212385270410296367e-02,1.625287514633978192e-01,1.324745717108982701e-01,6.335280259704066663e-02,1.113079853876422776e-01,1.252637159014290402e-01,9.970515836727242287e-02,1.189762381026356203e-01,1.009642170200975853e-01,1.219816688901238233e-01,1.084672559228575112e-01,1.312499139177742413e-01,1.343481693713835523e-01
4.909438295459823964e-02,4.755223789763984160e-02,4.485603048031479995e-02,6.291180535647650229e-02,1.224236270485567768e-01,8.441343170996937206e-02,1.285706186549392394e-01,5.706135300438978930e-02,7.790167568061011349e-02,9.745456059628158918e-02,9.625738505420380897e-02,6.745508910110938061e-02,9.957825314740639810e-02,5.777422594061849825e-02,1.002236055880577209e-01,0.000000000000000000e+00,7.977392805607916304e-02,1.287938719064450344e-01,1.185263363564877243e-01,1.284009205593182601e-01,8.527697656801777604e-02,9.083524582681376525e-02,1.657640338050906104e-01,1.232126687411815719e-01,1.416284034509763812e-01,8.321632022908283244e-02,1.710076985536584659e-01,8.574494357009813938e-02,1.119699937380185667e-01,8.721258546163296321e-02,1.365840971295781969e-01,1.287509509083076265e-01,1.000407749482305625e-01,9.608070428873659308e-02,1.828736248864915870e-01,1.101789709530543587e-01,1.007305858556093031e-01,1.060540067872832032e-01,1.123303379387991380e-01,1.222137625860221510e-01,1.969633714123731061e-01,1.840213451889244900e-01,1.037960419792986200e-01,1.520664058308496269e-01,1.486477803597996694e-01,8.150479738245972050e-02,1.046297983834158368e-01,7.029857319711790842e-02,1.165223101106176440e-01,1.516435379074091427e-01,8.468120748939386710e-02,1.054406208810656081e-01,8.050230380059034130e-02,1.211607247242566104e-01,9.417244952378513168e-02,1.281049578557438007e-01,1.277493541831156709e-01,9.607788559632160497e-02,7.655530162411135209e-02,1.642856296334258281e-01,1.415943869584226911e-01,7.413282767699708176e-02,8.868278980081772955e-02,1.150674163961415974e-01,1.258304011992254778e-01,1.542926603491655280e-01,1.302709948542848106e-01,1.724440785838632917e-01,9.922892747152081694e-02,1.412675467606658020e-01,1.368174720493014751e-01
6.694330424421407466e-02,6.963701327508034500e-02,7.659450707315627882e-02,6.459168197462217265e-02,1.023370483485825516e-01,6.480596665935300926e-02,8.304399562462064233e-02,7.072983313661208860e-02,1.107066429853796191e-01,1.204356161004992154e-01,6.509097489922374691e-02,6.365472299140137458e-02,6.664714935706586574e-02,6.864598664644469550e-02,7.948328243137844917e-02,7.977392805607916304e-02,0.000000000000000000e+00,1.251805644751866897e-01,1.469226124794403565e-01,1.490611031657439189e-01,7.892562976154823828e-02,5.024754845828734162e-02,1.413372453367456871e-01,1.050294761556238299e-01,1.397150878519161643e-01,8.369197457411318986e-02,1.678102123148031144e-01,1.157683739507977955e-01,1.172541451594563133e-01,7.414916328076578966e-02,1.507364314393108418e-01,1.503115135577503814e-01,1.226719282258413174e-01,9.617634764727266139e-02,1.895272123932780495e-01,1.195092272138346401e-01,9.212518197382139895e-02,1.052179441802810062e-01,1.099952434565496934e-01,1.424408274784073614e-01,1.733110827462392423e-01,1.562836821732118409e-01,1.041202556682142844e-01,1.331146711338670463e-01,1.268535865458686185e-01,9.454105761823694554e-02,1.143136083587042579e-01,7.892793596443323234e-02,1.135077826339719875e-01,1.697589537526245362e-01,9.184036591752441081e-02,1.102905655482116637e-01,8.808272862238009093e-02,1.020204579414256685e-01,8.342887526164992351e-02,1.513302146210059873e-01,9.983238389309467831e-02,9.544944531016026634e-02,4.986657655392430499e-02,1.618943534864502598e-01,1.430849627564249604e-01,4.823013342344608517e-02,9.237098476464718211e-02,1.206471461540063184e-01,1.083425928446852399e-01,1.401921515431540366e-01,1.128036220197532746e-01,1.490520705377776922e-01,9.240314348265463162e-02,1.392009327309445821e-01,1.459714319117621228e-01
1.253619857688063610e-01,1.286913740004452245e-01,1.283491591167883472e-01,1.266078478162340759e-01,1.322315876124874334e-01,1.223939667170080570e-01,1.260195738969863977e-01,1.288102075102137423e-01,1.485189533041961774e-01,1.555108479619732864e-01,1.201825743950621500e-01,1.234620589587173550e-01,1.215153674790159510e-01,1.270970831338094353e-01,1.264179063841781581e-01,1.287938719064450344e-01,1.251805644751866897e-01,0.000000000000000000e+00,1.455636824294566090e-01,1.516430254178791626e-01,7.664908720810115206e-02,4.442246433793559796e-02,1.275824747799097492e-01,1.013527481450281487e-01,1.319192893051442661e-01,8.416352900290355321e-02,1.611299112912654152e-01,1.255916451394371580e-01,1.193129437238450163e-01,6.880895831698438658e-02,1.445389596142235000e-01,1.468923115359791476e-01,1.224700714122129303e-01,8.763936111773967808e-02,1.841087887149805424e-01,1.173384496871411747e-01,9.256034964598183756e-02,1.036121222992202051e-01,1.073213933949708904e-01,1.393312972551380979e-01,1.658155390028555054e-01,1.485948658158272873e-01,9.736429837781049312e-02,1.263595466389494937e-01,1.219276653059001986e-01,9.388801783463565642e-02,1.172301862739288519e-01,7.882550211962467690e-02,1.036849598736713229e-01,1.699942505080853372e-01,1.003854882183461833e-01,1.141074594452621271e-01,8.842622472986197413e-02,1.047745126144493250e-01,8.076476250114109079e-02,1.486553395803671962e-01,1.002861293107175922e-01,9.328187084302927423e-02,4.431926175883203756e-02,1.604967304769515657e-01,1.378784534987820276e-01,4.241183978936680782e-02,9.348500888048263957e-02,1.151941934936251133e-01,1.031356992198948497e-01,1.333830234640128176e-01,1.038739403878584933e-01,1.361781413606276692e-01,9.477321537532649998e-02,1.336759112304072850e-01,1.400523700238467950e-01
1.357826275658509108e-01,1.252934402941690006e-01,1.195092912750258946e-01,1.386289303542744267e-01,1.715763056871923709e-01,1.527250189380896794e-01,1.856075002842715316e-01,1.333679050228778473e-01,1.236281696276283204e-01,9.700594007395864360e-02,1.624366955315717787e-01,1.420702334870267980e-01,1.624173490518142915e-01,1.353100481580005454e-01,1.609547679943882648e-01,1.185263363564877243e-01,1.469226124794403565e-01,1.455636824294566090e-01,0.000000000000000000e+00,9.227899289401235439e-02,1.067744389440793834e-01,1.311991774543043721e-01,1.860520208903544970e-01,1.387915176576666187e-01,1.415604985882515099e-01,9.086067811973996822e-02,1.761161941886890403e-01,9.113940836286822667e-02,1.308163477753950532e-01,1.034775297364042002e-01,1.358792318422557266e-01,1.019717073748845210e-01,8.868586473799773551e-02,1.062809755878815626e-01,1.650015775068345014e-01,1.137890112635589340e-01,1.064848182984386715e-01,1.348493841317226216e-01,1.208952551477170817e-01,1.007605664931142397e-01,2.162706457207925204e-01,2.032101062935315894e-01,1.119107371361124370e-01,1.718843118947218085e-01,1.668798516342810401e-01,9.369397648633974451e-02,9.145708781027636625e-02,8.026252276174200562e-02,1.198013462459341233e-01,1.385876749471094960e-01,7.837905967780424421e-02,1.099831999525947152e-01,7.788841501402136991e-02,1.476185732611790813e-01,1.112079858681012112e-01,1.204540016623879134e-01,1.484583514172737595e-01,1.148373085971720053e-01,1.139019511437325133e-01,1.789480832090813434e-01,1.514810787263994596e-01,1.164799016020102024e-01,7.691532551893567882e-02,1.039148754890671517e-01,1.559365986390199854e-01,1.614562389994922964e-01,1.493386162462383981e-01,1.890374645861727099e-01,1.226637283933613293e-01,1.446131424736908644e-01,1.468143490662280615e-01
1.448015464371567584e-01,1.180833532189947965e-01,1.215636696172183867e-01,1.325151865061506840e-01,1.733765532836965828e-01,1.558409552804839449e-01,2.106805380499452984e-01,1.236220197532683224e-01,8.024932615634453037e-02,8.140223541526867002e-02,1.739103111291905868e-01,1.443925797922175347e-01,1.742261328020525413e-01,1.318816213246893354e-01,1.587789296335860301e-01,1.284009205593182601e-01,1.490611031657439189e-01,1.516430254178791626e-01,9.227899289401235439e-02,0.000000000000000000e+00,1.401072704647479406e-01,1.705713777800555442e-01,2.101062294703901490e-01,1.626481615238876410e-01,1.601807166205159172e-01,1.172291612948688500e-01,1.839777835788745652e-01,1.136765198117241776e-01,1.635564851546196796e-01,1.357841650344409068e-01,1.461602843035667565e-01,1.038359521014473180e-01,1.024001486219636992e-01,1.410351327588112158e-01,1.640527031420412896e-01,1.424025188860399138e-01,1.290922689352869690e-01,1.740410600205316016e-01,1.402270008311939375e-01,9.560370465868998913e-02,2.436073497404721011e-01,2.178447573121845837e-01,1.219233091448952006e-01,1.882383012253304455e-01,1.839430624132170622e-01,1.162201975326832004e-01,1.034752235335192061e-01,9.037483804530085929e-02,1.454923182624042466e-01,1.437301230135024643e-01,1.008630003379227674e-01,1.236369460108295709e-01,1.100737184158308013e-01,1.810786943688611761e-01,1.456665647026039179e-01,1.274753004069487383e-01,1.794177158021341978e-01,1.516308537915416754e-01,1.543243706388342518e-01,1.895971672141229247e-01,1.597586174313704588e-01,1.582742555689194419e-01,9.419499906310506432e-02,1.138484600490388549e-01,1.852381234555247058e-01,1.739659803043867581e-01,1.762160655858475977e-01,2.049033076394572161e-01,1.503892838439276902e-01,1.500773699037320497e-01,1.554815079363808528e-01
7.710911062246657288e-02,8.250549725097411358e-02,8.071511507792242246e-02,8.215335288267353042e-02,1.058717526981773072e-01,7.840077642163793825e-02,9.998561826256438523e-02,8.407275429490247698e-02,1.111771724351100082e-01,1.233994071136749610e-01,8.112741290480668388e-02,7.831627971037936897e-02,8.409357418205870571e-02,8.230902157741075420e-02,9.204132587447529101e-02,8.527697656801777604e-02,7.892562976154823828e-02,7.664908720810115206e-02,1.067744389440793834e-01,1.401072704647479406e-01,0.000000000000000000e+00,4.926856533360667034e-02,1.326084596006104899e-01,1.040925171724030873e-01,1.310531179382546374e-01,8.174111911698052346e-02,1.613578410097324944e-01,1.207170369136599114e-01,1.175856618241744450e-01,6.746623574838685189e-02,1.388483399343052316e-01,1.446691960160345070e-01,1.196992967682730669e-01,8.586352083510169486e-02,1.837860484334636335e-01,1.155677983609944282e-01,9.293382639096867126e-02,1.027875266454517378e-01,1.084588639068037735e-01,1.371311156416609167e-01,1.696189159885522491e-01,1.537567244231690111e-01,9.639191355582851783e-02,1.285776653859766749e-01,1.255822281443234600e-01,9.109001718441453455e-02,1.157218655259504014e-01,7.873972418454108779e-02,1.044995619816048438e-01,1.661963187236448203e-01,9.939087416300049216e-02,1.146853554515272905e-01,8.590919646446285030e-02,1.073023031599784211e-01,8.166283634127316504e-02,1.452542668757196842e-01,1.034670237010392457e-01,9.440230107798970594e-02,4.691931332809098215e-02,1.572575404025925438e-01,1.369831983510649276e-01,4.575621833975813957e-02,9.343126154102396330e-02,1.136660778375504222e-01,1.057410678680275468e-01,1.372441195830257088e-01,1.060397852028257537e-01,1.401241185580466286e-01,9.605700164797413565e-02,1.321313959093726176e-01,1.379335461232569227e-01
6.258201834392210228e-02,7.411091874958961045e-02,8.042856936946171653e-02,5.884564936427275766e-02,7.092297762823049356e-02,4.369447296057192565e-02,4.985305964257057826e-02,6.975840923249890246e-02,1.282449956198160879e-01,1.501438013590581932e-01,3.482795566324953240e-02,4.943256198320634953e-02,4.062901683688259491e-02,6.350168080550540328e-02,5.986838628257712402e-02,9.083524582681376525e-02,5.024754845828734162e-02,4.442246433793559796e-02,1.311991774543043721e-01,1.705713777800555442e-01,4.926856533360667034e-02,0.000000000000000000e+00,1.209895532212369035e-01,9.626090841972254064e-02,1.293084113945640878e-01,9.433888049865232772e-02,1.590700236866254558e-01,1.549121961297431072e-01,1.260680682187625690e-01,7.919302117382524819e-02,1.588315238716021260e-01,1.698487675427568511e-01,1.436208986824214773e-01,9.389307866874438413e-02,1.939155961774687020e-01,1.250894694612293689e-01,9.867050606739560803e-02,1.209901938331494342e-01,1.156159723768143410e-01,1.644033100417518489e-01,1.536528812321529824e-01,1.309258283512411136e-01,1.089016548607229379e-01,1.265281556943192443e-01,1.157334606015666401e-01,1.162039259901057331e-01,1.489729549665840813e-01,1.074429174747718874e-01,1.130574324594852964e-01,1.907206083250721218e-01,1.288689516225899057e-01,1.320326776136565849e-01,1.046191001644771051e-01,9.589806583248318417e-02,9.864302381634937333e-02,1.719615056301779243e-01,9.859446543338197533e-02,9.957972655480513968e-02,4.036393162749061375e-02,1.708544001229974907e-01,1.481181864917369140e-01,4.789547776035670695e-02,1.146188599350098924e-01,1.375161234010726929e-01,9.891528387916137532e-02,1.289932943948059185e-01,1.044589471863524299e-01,1.228494417867947303e-01,1.001913828088590169e-01,1.379904324610868316e-01,1.520857523106070863e-01
