1,0.17743,0.38021,0.29354,0.062281,0.35562,0.42939,0.35393,0.20607,0.31995,0.2266,0.31496,0.16542,0.53186,0.13999,0.33002,0.48086,0.29353,0.48928,0.23727,0.42123,0.22154,0.41472,0.29798,0.080575,0.2877,0.44844,0.29259,0.59102,0.39969,0.17925,0.15282,0.29738,0.2912,0.53011,0.1344,0.23255,0.28684,0.065782,0.34178,0.31195,0.30775,0.16865,0.33053,0.17543,0.31072,0.1272,0.41194,0.14415,0.31689,0.21811,0.21896,0.30198,0.22208,0.41268,0.14517,0.38175,0.26018,0.046947,0.16928,0.32884,0.29486,0.51326,0.30049,0.12332,0.13616,0.26123,0.27733
0.17743,1,0.11486,0.30703,0.050303,0.22629,0.14444,0.19378,0.14095,0.24998,0.20524,0.30583,0.024968,0.10733,0.10693,0.27603,0.30001,0.025864,0.21196,0.31455,0.31211,0.35152,0.39432,0.25465,0.15868,0.33381,0.33258,0.35372,0.27925,0.39946,-0.001485,0.021765,0.29138,0.40704,0.23909,0.38399,0.16623,0.3011,0.047082,0.22207,0.18072,0.20468,0.15174,0.24903,0.18565,0.30532,0.024141,0.11541,0.11366,0.30061,0.33472,-0.0025876,0.28997,0.30586,0.291,0.32633,0.37262,0.26374,0.13236,0.2912,0.3516,0.34682,0.27462,0.41857,-0.021957,0.020195,0.27989,0.41004
0.38021,0.11486,1,0.16966,0.084655,0.28714,0.74525,0.43593,0.34742,0.26171,0.32025,0.24982,0.23417,0.604,0.21812,0.20596,0.44125,0.47215,0.43052,0.25838,0.26905,0.28586,0.29554,0.48258,0.14553,0.61251,0.62671,0.26864,0.31724,0.40943,0.21352,0.11406,0.23296,0.19256,0.24765,0.090157,0.53595,0.1742,0.074305,0.2637,0.54409,0.31177,0.28166,0.25497,0.24304,0.234,0.18943,0.45792,0.18657,0.18981,0.17107,0.37283,0.22406,0.25341,0.26904,0.18643,0.21866,0.39119,0.09069,0.37734,0.42483,0.2205,0.27548,0.21501,0.18497,0.093726,0.2224,0.16818
0.29354,0.30703,0.16966,1,0.057959,0.47278,0.29164,0.27046,0.23197,0.51035,0.16235,0.7567,0.070792,0.1845,0.1885,0.40155,0.26143,0.042071,0.1905,0.70685,0.47098,0.3141,0.48119,0.41473,0.097136,0.29464,0.29419,0.62193,0.39714,0.38652,0.044576,0.04771,0.34341,0.38007,0.33909,0.2826,0.20721,0.83717,0.057555,0.47605,0.31935,0.28979,0.25741,0.52011,0.16261,0.7577,0.06884,0.19213,0.21728,0.41951,0.26469,0.032196,0.22589,0.67965,0.47299,0.2906,0.49826,0.44213,0.084513,0.28106,0.32403,0.61709,0.38212,0.42762,0.02739,0.056602,0.31843,0.4013
0.062281,0.050303,0.084655,0.057959,1,0.11949,0.10353,0.11269,0.067681,0.071604,0.077494,0.07098,0.059154,0.098291,0.093521,0.068813,0.067522,0.076549,0.070069,0.062184,0.079783,0.068255,0.082081,0.087228,0.044872,0.082596,0.098238,0.083069,0.088477,0.085209,0.034684,0.075685,0.065438,0.08167,0.062949,0.04783,0.062723,0.058303,0.042925,0.089867,0.083445,0.090148,0.061954,0.067517,0.056013,0.068033,0.049101,0.079795,0.061099,0.065122,0.041246,0.052873,0.054718,0.059925,0.074392,0.056005,0.069463,0.078114,0.03563,0.054026,0.076341,0.075379,0.078361,0.069296,0.031296,0.036756,0.060857,0.06912
0.35562,0.22629,0.28714,0.47278,0.11949,1,0.44431,0.49836,0.24367,0.57648,0.20935,0.56032,0.16513,0.33972,0.31572,0.35306,0.28404,0.17833,0.25319,0.42905,0.40687,0.26328,0.44414,0.38615,0.10529,0.3041,0.34168,0.59317,0.44009,0.40091,0.10355,0.12056,0.3029,0.34041,0.35572,0.20666,0.30643,0.47859,0.10614,0.6625,0.43488,0.44535,0.25456,0.56873,0.20561,0.5423,0.15713,0.32718,0.30056,0.3566,0.25036,0.14594,0.26876,0.42461,0.40664,0.22415,0.44289,0.40965,0.087799,0.26544,0.33945,0.57996,0.40961,0.3985,0.094307,0.11745,0.27057,0.34186
0.42939,0.14444,0.74525,0.29164,0.10353,0.44431,1,0.52293,0.48624,0.38019,0.31584,0.37781,0.29505,0.70842,0.30528,0.27093,0.35275,0.43235,0.35157,0.33822,0.33239,0.38234,0.30976,0.69701,0.20307,0.5786,0.61221,0.42508,0.38308,0.47331,0.254,0.14592,0.2792,0.23799,0.31263,0.13016,0.56271,0.29833,0.10205,0.40883,0.74694,0.42034,0.43111,0.3683,0.27586,0.35963,0.27437,0.59834,0.27536,0.25592,0.16663,0.38487,0.2347,0.33566,0.32804,0.30045,0.26389,0.62401,0.16042,0.43032,0.49219,0.37568,0.33995,0.29174,0.23183,0.12999,0.2624,0.22437
0.35393,0.19378,0.43593,0.27046,0.11269,0.49836,0.52293,1,0.19084,0.37209,0.27139,0.32448,0.12854,0.46555,0.19833,0.26487,0.35538,0.3404,0.3433,0.26938,0.32592,0.26316,0.41401,0.30072,0.05199,0.45262,0.38399,0.52828,0.35935,0.53882,0.097658,0.12443,0.23867,0.30186,0.28402,0.16878,0.36831,0.2737,0.10367,0.42868,0.42899,0.51553,0.17336,0.36373,0.2306,0.3113,0.094145,0.34675,0.19655,0.26737,0.27677,0.23679,0.2907,0.26364,0.31498,0.19988,0.35572,0.28251,0.023173,0.30518,0.30003,0.47984,0.31478,0.42114,0.077896,0.088693,0.21157,0.28038
0.20607,0.14095,0.34742,0.23197,0.067681,0.24367,0.48624,0.19084,1,0.25397,0.18969,0.30123,0.31412,0.38683,0.26241,0.20642,0.11419,0.16737,0.12034,0.28013,0.24798,0.33865,0.16286,0.61135,0.29035,0.25874,0.42123,0.17915,0.26299,0.15823,0.20163,0.10576,0.2351,0.17922,0.17591,0.13377,0.2444,0.23931,0.071921,0.23667,0.40927,0.1797,0.45641,0.25138,0.16503,0.27146,0.29855,0.36698,0.22,0.19216,0.0071127,0.15031,0.077085,0.28328,0.24523,0.28831,0.16115,0.53244,0.24957,0.20788,0.36572,0.17313,0.241,0.1193,0.1773,0.10372,0.23113,0.17173
0.31995,0.24998,0.26171,0.51035,0.071604,0.57648,0.38019,0.37209,0.25397,1,0.21298,0.53914,0.12436,0.28023,0.1886,0.3279,0.26994,0.15255,0.24861,0.53733,0.39306,0.3068,0.41187,0.35758,0.12732,0.32128,0.32223,0.54658,0.39129,0.34726,0.07715,0.074213,0.32852,0.32573,0.31639,0.23945,0.30797,0.53293,0.073691,0.53858,0.40908,0.37177,0.2641,0.88022,0.2283,0.52535,0.12727,0.29904,0.20518,0.33153,0.27471,0.17286,0.29062,0.53745,0.39635,0.29152,0.42174,0.38479,0.12093,0.34294,0.36008,0.55223,0.36313,0.3787,0.086044,0.072455,0.30698,0.34774
0.2266,0.20524,0.32025,0.16235,0.077494,0.20935,0.31584,0.27139,0.18969,0.21298,1,0.20202,0.20274,0.29963,0.12673,0.1675,0.35858,0.32029,0.37201,0.22301,0.19124,0.26716,0.23768,0.25159,0.17302,0.40021,0.38498,0.212,0.25045,0.32384,0.11492,0.086484,0.21373,0.2865,0.20119,0.19692,0.22188,0.16802,0.059418,0.18834,0.23101,0.20762,0.14903,0.20998,0.26726,0.19503,0.10761,0.21953,0.11461,0.16738,0.23953,0.19733,0.29927,0.21818,0.18501,0.209,0.19741,0.20404,0.12735,0.2467,0.29574,0.19109,0.21285,0.24128,0.066759,0.050968,0.20194,0.23912
0.31496,0.30583,0.24982,0.7567,0.07098,0.56032,0.37781,0.32448,0.30123,0.53914,0.20202,1,0.11804,0.24857,0.26589,0.39901,0.29021,0.096576,0.22675,0.73728,0.46236,0.33302,0.47519,0.46847,0.12971,0.33611,0.355,0.62371,0.41658,0.40814,0.067767,0.067512,0.36489,0.39072,0.35156,0.28457,0.28394,0.75043,0.071936,0.54326,0.40146,0.33353,0.30483,0.53967,0.20238,0.80097,0.1213,0.26015,0.27816,0.41007,0.27401,0.092067,0.26003,0.71278,0.46345,0.30016,0.48283,0.49348,0.11421,0.31584,0.37835,0.61174,0.39866,0.43469,0.062721,0.073133,0.34452,0.4086
0.16542,0.024968,0.23417,0.070792,0.059154,0.16513,0.29505,0.12854,0.31412,0.12436,0.20274,0.11804,1,0.33164,0.18643,0.1352,0.056719,0.21559,0.11775,0.093295,0.17098,0.11734,0.08346,0.32385,0.28956,0.058035,0.33598,0.018489,0.20316,0.002463,0.24871,0.13311,0.12388,0.067984,0.10634,0.0057902,0.060921,0.073285,0.062407,0.16215,0.16583,0.093741,0.25323,0.13109,0.082586,0.10764,0.34058,0.25172,0.15512,0.11224,-0.11275,0.10568,-0.016253,0.092499,0.17831,0.052258,0.08444,0.24602,0.19086,-0.049714,0.18751,0.01984,0.17751,-0.042145,0.17446,0.12761,0.1161,0.050732
0.53186,0.10733,0.604,0.1845,0.098291,0.33972,0.70842,0.46555,0.38683,0.28023,0.29963,0.24857,0.33164,1,0.22426,0.24096,0.38592,0.50367,0.45327,0.20513,0.32331,0.28622,0.27182,0.4908,0.19885,0.39025,0.60489,0.22044,0.44908,0.38455,0.32892,0.22774,0.24638,0.21949,0.34565,0.071111,0.34343,0.1821,0.092963,0.31467,0.49555,0.35319,0.30718,0.28394,0.22232,0.23554,0.27341,0.62736,0.18625,0.22225,0.099776,0.39834,0.24027,0.20016,0.30829,0.19099,0.23022,0.39916,0.13753,0.20871,0.42915,0.20144,0.35379,0.2107,0.2529,0.18663,0.22114,0.18165
0.13999,0.10693,0.21812,0.1885,0.093521,0.31572,0.30528,0.19833,0.26241,0.1886,0.12673,0.26589,0.18643,0.22426,1,0.17709,0.099564,0.11229,0.08894,0.20307,0.19672,0.16941,0.17141,0.34998,0.14403,0.1656,0.24623,0.21785,0.21347,0.1518,0.09009,0.079705,0.16477,0.15946,0.15075,0.095341,0.19481,0.19111,0.067083,0.27016,0.2831,0.18234,0.24862,0.18552,0.11316,0.24172,0.18211,0.22098,0.24849,0.173,0.051952,0.086915,0.088713,0.20157,0.19491,0.13721,0.16637,0.33765,0.12297,0.13223,0.22078,0.20325,0.20371,0.13373,0.08901,0.083753,0.15515,0.15031
0.33002,0.27603,0.20596,0.40155,0.068813,0.35306,0.27093,0.26487,0.20642,0.3279,0.1675,0.39901,0.1352,0.24096,0.17709,1,0.28382,0.10777,0.2169,0.3074,0.63945,0.32814,0.62568,0.34103,0.10675,0.25796,0.39808,0.46346,0.46565,0.43433,0.084386,0.081508,0.37059,0.42493,0.35276,0.23314,0.20819,0.39303,0.076293,0.36363,0.27155,0.27892,0.21149,0.33254,0.16028,0.40763,0.12001,0.24154,0.19584,0.62912,0.23411,0.082889,0.21689,0.2951,0.62876,0.26112,0.62184,0.34933,0.086145,0.21662,0.37733,0.47107,0.4547,0.46275,0.060502,0.091137,0.35009,0.43313
0.48086,0.30001,0.44125,0.26143,0.067522,0.28404,0.35275,0.35538,0.11419,0.26994,0.35858,0.29021,0.056719,0.38592,0.099564,0.28382,1,0.35128,0.65774,0.29048,0.33571,0.28455,0.48246,0.20859,0.054244,0.51421,0.51028,0.33842,0.41875,0.55137,0.10357,0.085824,0.28452,0.4199,0.39504,0.26112,0.30052,0.2563,0.049741,0.26365,0.25208,0.27925,0.085776,0.2733,0.25624,0.28751,0.0054933,0.25535,0.099827,0.29219,0.4555,0.20922,0.47767,0.27415,0.32203,0.20437,0.40015,0.17414,0.0092259,0.29795,0.384,0.31799,0.36451,0.42707,0.044448,0.055412,0.2702,0.36961
0.29353,0.025864,0.47215,0.042071,0.076549,0.17833,0.43235,0.3404,0.16737,0.15255,0.32029,0.096576,0.21559,0.50367,0.11229,0.10777,0.35128,1,0.47126,0.094423,0.14284,0.14585,0.15021,0.15245,0.073451,0.33065,0.42209,0.0764,0.20923,0.24412,0.1991,0.13842,0.12212,0.11548,0.17521,0.0011546,0.19588,0.046962,0.056391,0.16342,0.2136,0.21036,0.095778,0.16007,0.18513,0.088006,0.13951,0.30656,0.084298,0.093167,0.088869,0.40576,0.21657,0.090712,0.15202,0.0462,0.10556,0.066787,0.011865,0.076849,0.19753,0.052599,0.16602,0.083721,0.12468,0.089543,0.11703,0.077964
0.48928,0.21196,0.43052,0.1905,0.070069,0.25319,0.35157,0.3433,0.12034,0.24861,0.37201,0.22675,0.11775,0.45327,0.08894,0.2169,0.65774,0.47126,1,0.23046,0.26258,0.22961,0.3511,0.16766,0.057212,0.42241,0.48264,0.22918,0.38048,0.43355,0.16278,0.12187,0.22871,0.3185,0.36461,0.17298,0.21879,0.19127,0.049516,0.2339,0.20118,0.25188,0.072308,0.25809,0.24087,0.22404,0.049092,0.28356,0.083314,0.21949,0.33526,0.28259,0.45755,0.21984,0.25994,0.13313,0.29007,0.11258,0.0027272,0.17891,0.30526,0.21787,0.32018,0.29365,0.089269,0.079745,0.22108,0.27317
0.23727,0.31455,0.25838,0.70685,0.062184,0.42905,0.33822,0.26938,0.28013,0.53733,0.22301,0.73728,0.093295,0.20513,0.20307,0.3074,0.29048,0.094423,0.23046,1,0.36983,0.34702,0.40147,0.43979,0.15335,0.35734,0.34293,0.51707,0.32135,0.37449,0.047204,0.040806,0.36122,0.36554,0.27047,0.30838,0.2969,0.70349,0.055083,0.41463,0.37022,0.26282,0.29707,0.52032,0.22348,0.71589,0.097303,0.22117,0.21713,0.32131,0.28569,0.10313,0.27644,0.84363,0.36381,0.32746,0.39286,0.4599,0.14004,0.34604,0.38395,0.50123,0.30427,0.38487,0.049901,0.04236,0.35098,0.38214
0.42123,0.31211,0.26905,0.47098,0.079783,0.40687,0.33239,0.32592,0.24798,0.39306,0.19124,0.46236,0.17098,0.32331,0.19672,0.63945,0.33571,0.14284,0.26258,0.36983,1,0.32569,0.78846,0.37222,0.11882,0.29939,0.47123,0.53431,0.58613,0.52804,0.10902,0.11104,0.46001,0.52209,0.4179,0.25073,0.23386,0.46248,0.089927,0.41776,0.31012,0.32735,0.24733,0.39486,0.17464,0.47087,0.14609,0.29319,0.21118,0.62068,0.23947,0.10911,0.22094,0.35217,0.85263,0.27525,0.74809,0.38051,0.087327,0.23371,0.42648,0.52864,0.54758,0.54645,0.083867,0.11654,0.42142,0.50956
0.22154,0.35152,0.28586,0.3141,0.068255,0.26328,0.38234,0.26316,0.33865,0.3068,0.26716,0.33302,0.11734,0.28622,0.16941,0.32814,0.28455,0.14585,0.22961,0.34702,0.32569,1,0.35188,0.46408,0.22027,0.43513,0.42227,0.35454,0.30933,0.43109,0.071386,0.048897,0.32406,0.37901,0.26407,0.32493,0.28456,0.32111,0.068878,0.25391,0.3706,0.25691,0.3113,0.29883,0.24957,0.33205,0.12244,0.28893,0.15409,0.31999,0.29334,0.12887,0.29648,0.34348,0.31293,0.46713,0.33571,0.44432,0.20109,0.38787,0.43856,0.34499,0.30386,0.4045,0.061386,0.048217,0.31927,0.37943
0.41472,0.39432,0.29554,0.48119,0.082081,0.44414,0.30976,0.41401,0.16286,0.41187,0.23768,0.47519,0.08346,0.27182,0.17141,0.62568,0.48246,0.15021,0.3511,0.40147,0.78846,0.35188,1,0.30163,0.060814,0.41958,0.48888,0.64799,0.55838,0.67103,0.048534,0.077662,0.44254,0.5813,0.42634,0.32703,0.29242,0.46822,0.082895,0.43999,0.30062,0.38308,0.17016,0.41021,0.21317,0.48044,0.057408,0.2234,0.19572,0.62733,0.42227,0.081856,0.34008,0.37957,0.73281,0.29595,0.81699,0.32044,0.029219,0.3149,0.4545,0.62521,0.52059,0.66647,0.022205,0.077139,0.40624,0.56284
0.29798,0.25465,0.48258,0.41473,0.087228,0.38615,0.69701,0.30072,0.61135,0.35758,0.25159,0.46847,0.32385,0.4908,0.34998,0.34103,0.20859,0.15245,0.16766,0.43979,0.37222,0.46408,0.30163,1,0.33066,0.44509,0.55954,0.40294,0.38748,0.34642,0.23204,0.11275,0.34352,0.30038,0.29944,0.24248,0.41026,0.41017,0.08906,0.3706,0.63082,0.29635,0.56492,0.35281,0.22961,0.44889,0.32585,0.48993,0.3188,0.32835,0.11216,0.15537,0.1677,0.43444,0.36372,0.4187,0.29267,0.81482,0.29091,0.3834,0.53589,0.3856,0.36587,0.28851,0.21103,0.12497,0.33097,0.29897
0.080575,0.15868,0.14553,0.097136,0.044872,0.10529,0.20307,0.05199,0.29035,0.12732,0.17302,0.12971,0.28956,0.19885,0.14403,0.10675,0.054244,0.073451,0.057212,0.15335,0.11882,0.22027,0.060814,0.33066,1,0.14462,0.32581,0.034618,0.15487,0.043234,0.12297,0.069916,0.15846,0.13174,0.082153,0.15599,0.092486,0.10143,0.044758,0.10367,0.17616,0.065783,0.25108,0.12888,0.13928,0.12093,0.23884,0.19687,0.11339,0.092916,-0.0058907,0.048165,0.051265,0.1528,0.11487,0.19752,0.060631,0.28485,0.30951,0.11518,0.28188,0.039868,0.13806,0.033117,0.082109,0.071341,0.1548,0.12157
0.2877,0.33381,0.61251,0.29464,0.082596,0.3041,0.5786,0.45262,0.25874,0.32128,0.40021,0.33611,0.058035,0.39025,0.1656,0.25796,0.51421,0.33065,0.42241,0.35734,0.29939,0.43513,0.41958,0.44509,0.14462,1,0.57373,0.46055,0.3201,0.62199,0.0816,0.032008,0.3015,0.39052,0.27037,0.31992,0.50758,0.29794,0.065014,0.27199,0.49397,0.34752,0.22549,0.30535,0.30555,0.32229,0.037806,0.30119,0.14758,0.26955,0.41431,0.23402,0.3721,0.34856,0.28214,0.37363,0.33611,0.39445,0.10377,0.63213,0.48671,0.39839,0.28447,0.47781,0.047661,0.0078269,0.28114,0.35526
0.44844,0.33258,0.62671,0.29419,0.098238,0.34168,0.61221,0.38399,0.42123,0.32223,0.38498,0.355,0.33598,0.60489,0.24623,0.39808,0.51028,0.42209,0.48264,0.34293,0.47123,0.42227,0.48888,0.55954,0.32581,0.57373,1,0.34512,0.45566,0.47666,0.2737,0.15688,0.3533,0.37368,0.35235,0.26309,0.35967,0.29263,0.085429,0.33755,0.41964,0.31479,0.33883,0.33398,0.25596,0.34376,0.25898,0.44692,0.22036,0.38177,0.20933,0.25048,0.28256,0.33258,0.45814,0.29916,0.43587,0.45005,0.21836,0.31361,0.6168,0.32201,0.41537,0.34178,0.16453,0.13825,0.3456,0.34534
0.29259,0.35372,0.26864,0.62193,0.083069,0.59317,0.42508,0.52828,0.17915,0.54658,0.212,0.62371,0.018489,0.22044,0.21785,0.46346,0.33842,0.0764,0.22918,0.51707,0.53431,0.35454,0.64799,0.40294,0.034618,0.46055,0.34512,1,0.41028,0.65638,0.0027555,0.037448,0.34652,0.45451,0.34131,0.32316,0.37919,0.61625,0.086719,0.57089,0.46341,0.50511,0.21498,0.54554,0.21599,0.62203,0.025595,0.2209,0.25088,0.48466,0.40582,0.057737,0.32109,0.50997,0.50234,0.32935,0.61768,0.45103,0.032429,0.41769,0.38167,0.8886,0.39339,0.66384,0.010616,0.045217,0.31482,0.46782
0.59102,0.27925,0.31724,0.39714,0.088477,0.44009,0.38308,0.35935,0.26299,0.39129,0.25045,0.41658,0.20316,0.44908,0.21347,0.46565,0.41875,0.20923,0.38048,0.32135,0.58613,0.30933,0.55838,0.38748,0.15487,0.3201,0.45566,0.41028,1,0.47124,0.14716,0.16393,0.52226,0.47475,0.54662,0.2394,0.27107,0.38775,0.091,0.42642,0.35569,0.34748,0.25744,0.39095,0.22468,0.41474,0.17984,0.40074,0.22069,0.45415,0.28515,0.17067,0.32039,0.30675,0.56433,0.26439,0.53652,0.38893,0.12618,0.25841,0.42628,0.41768,0.71273,0.44645,0.11233,0.14671,0.4447,0.44449
0.39969,0.39946,0.40943,0.38652,0.085209,0.40091,0.47331,0.53882,0.15823,0.34726,0.32384,0.40814,0.002463,0.38455,0.1518,0.43433,0.55137,0.24412,0.43355,0.37449,0.52804,0.43109,0.67103,0.34642,0.043234,0.62199,0.47666,0.65638,0.47124,1,0.033008,0.050912,0.39569,0.56056,0.40773,0.3562,0.43381,0.37636,0.081866,0.37149,0.4435,0.46351,0.16226,0.33347,0.30249,0.4041,-0.0057464,0.31765,0.16191,0.45831,0.54837,0.20092,0.48499,0.3565,0.47353,0.385,0.5875,0.35222,0.025196,0.50051,0.48122,0.60665,0.42917,0.7642,0.020324,0.047095,0.35833,0.53757
0.17925,-0.001485,0.21352,0.044576,0.034684,0.10355,0.254,0.097658,0.20163,0.07715,0.11492,0.067767,0.24871,0.32892,0.09009,0.084386,0.10357,0.1991,0.16278,0.047204,0.10902,0.071386,0.048534,0.23204,0.12297,0.0816,0.2737,0.0027555,0.14716,0.033008,1,0.10422,0.070263,0.033153,0.094009,-0.010082,0.044528,0.041824,0.03137,0.10088,0.12801,0.074625,0.1467,0.088677,0.051216,0.067922,0.18058,0.23141,0.069332,0.068479,-0.060535,0.13898,0.027059,0.048188,0.1152,0.020078,0.050726,0.1617,0.084496,-0.024518,0.15663,0.0078698,0.11433,-0.020841,0.2122,0.097427,0.065703,0.019219
0.15282,0.021765,0.11406,0.04771,0.075685,0.12056,0.14592,0.12443,0.10576,0.074213,0.086484,0.067512,0.13311,0.22774,0.079705,0.081508,0.085824,0.13842,0.12187,0.040806,0.11104,0.048897,0.077662,0.11275,0.069916,0.032008,0.15688,0.037448,0.16393,0.050912,0.10422,1,0.069408,0.068728,0.10995,0.0068667,0.043436,0.050799,0.040562,0.11466,0.094257,0.09977,0.085618,0.08076,0.04122,0.067662,0.11097,0.18199,0.075209,0.07225,-0.0092316,0.09282,0.042316,0.042009,0.10928,0.019912,0.076704,0.096045,0.053513,-0.0090468,0.10878,0.041984,0.12847,0.026416,0.079506,0.10119,0.064836,0.050672
0.29738,0.29138,0.23296,0.34341,0.065438,0.3029,0.2792,0.23867,0.2351,0.32852,0.21373,0.36489,0.12388,0.24638,0.16477,0.37059,0.28452,0.12212,0.22871,0.36122,0.46001,0.32406,0.44254,0.34352,0.15846,0.3015,0.3533,0.34652,0.52226,0.39569,0.070263,0.069408,1,0.44712,0.32591,0.27047,0.25233,0.34314,0.061677,0.29356,0.29762,0.24081,0.24341,0.31848,0.21841,0.36329,0.12268,0.2538,0.176,0.36762,0.26634,0.13179,0.2659,0.35167,0.43785,0.30852,0.42392,0.35497,0.14505,0.28859,0.38654,0.34801,0.46819,0.40421,0.061364,0.071903,0.47458,0.41593
0.2912,0.40704,0.19256,0.38007,0.08167,0.34041,0.23799,0.30186,0.17922,0.32573,0.2865,0.39072,0.067984,0.21949,0.15946,0.42493,0.4199,0.11548,0.3185,0.36554,0.52209,0.37901,0.5813,0.30038,0.13174,0.39052,0.37368,0.45451,0.47475,0.56056,0.033153,0.068728,0.44712,1,0.34664,0.37257,0.23469,0.37364,0.074728,0.32907,0.26422,0.29428,0.18627,0.31787,0.25332,0.39158,0.063129,0.20673,0.16536,0.43937,0.41066,0.078126,0.36857,0.35111,0.48443,0.35381,0.53432,0.31736,0.11336,0.33111,0.40945,0.44857,0.43103,0.56633,0.014887,0.061762,0.38986,0.55634
0.53011,0.23909,0.24765,0.33909,0.062949,0.35572,0.31263,0.28402,0.17591,0.31639,0.20119,0.35156,0.10634,0.34565,0.15075,0.35276,0.39504,0.17521,0.36461,0.27047,0.4179,0.26407,0.42634,0.29944,0.082153,0.27037,0.35235,0.34131,0.54662,0.40773,0.094009,0.10995,0.32591,0.34664,1,0.2145,0.28537,0.33831,0.072199,0.37559,0.36816,0.35885,0.17741,0.33482,0.21658,0.35893,0.11006,0.44663,0.16009,0.35138,0.3632,0.19837,0.42466,0.26301,0.43625,0.22801,0.44351,0.32477,0.072834,0.26781,0.40267,0.3582,0.60194,0.43245,0.098919,0.1256,0.31523,0.37099
0.1344,0.38399,0.090157,0.2826,0.04783,0.20666,0.13016,0.16878,0.13377,0.23945,0.19692,0.28457,0.0057902,0.071111,0.095341,0.23314,0.26112,0.0011546,0.17298,0.30838,0.25073,0.32493,0.32703,0.24248,0.15599,0.31992,0.26309,0.32316,0.2394,0.3562,-0.010082,0.0068667,0.27047,0.37257,0.2145,1,0.19323,0.28307,0.044062,0.20453,0.2048,0.19826,0.15537,0.23348,0.20851,0.28429,0.024541,0.1188,0.10767,0.26249,0.35141,0.020281,0.30586,0.30176,0.24134,0.35651,0.32494,0.26805,0.16887,0.34479,0.38184,0.32707,0.24427,0.4037,-0.024977,0.013555,0.26384,0.39069
0.23255,0.16623,0.53595,0.20721,0.062723,0.30643,0.56271,0.36831,0.2444,0.30797,0.22188,0.28394,0.060921,0.34343,0.19481,0.20819,0.30052,0.19588,0.21879,0.2969,0.23386,0.28456,0.29242,0.41026,0.092486,0.50758,0.35967,0.37919,0.27107,0.43381,0.044528,0.043436,0.25233,0.23469,0.28537,0.19323,1,0.22082,0.089866,0.29811,0.75592,0.42065,0.29828,0.27369,0.36074,0.27434,0.14786,0.52316,0.21205,0.20737,0.42668,0.44867,0.40725,0.2994,0.23797,0.32459,0.28583,0.50901,0.12719,0.69181,0.58311,0.36979,0.28446,0.43208,0.15504,0.069834,0.24108,0.26458
0.28684,0.3011,0.1742,0.83717,0.058303,0.47859,0.29833,0.2737,0.23931,0.53293,0.16802,0.75043,0.073285,0.1821,0.19111,0.39303,0.2563,0.046962,0.19127,0.70349,0.46248,0.32111,0.46822,0.41017,0.10143,0.29794,0.29263,0.61625,0.38775,0.37636,0.041824,0.050799,0.34314,0.37364,0.33831,0.28307,0.22082,1,0.061037,0.48846,0.34022,0.29812,0.27011,0.55771,0.17285,0.77153,0.074331,0.20502,0.22175,0.41407,0.26615,0.045922,0.23096,0.72137,0.47303,0.30149,0.49295,0.45813,0.095137,0.2968,0.32963,0.62818,0.38306,0.42746,0.029694,0.055325,0.32502,0.40021
0.065782,0.047082,0.074305,0.057555,0.042925,0.10614,0.10205,0.10367,0.071921,0.073691,0.059418,0.071936,0.062407,0.092963,0.067083,0.076293,0.049741,0.056391,0.049516,0.055083,0.089927,0.068878,0.082895,0.08906,0.044758,0.065014,0.085429,0.086719,0.091,0.081866,0.03137,0.040562,0.061677,0.074728,0.072199,0.044062,0.089866,0.061037,1,0.12635,0.11555,0.11366,0.076954,0.074349,0.079218,0.07119,0.06682,0.11484,0.095979,0.073216,0.053962,0.07549,0.064176,0.055318,0.094058,0.063768,0.086027,0.097684,0.045221,0.077862,0.10133,0.086206,0.10078,0.082695,0.037192,0.093343,0.063443,0.082724
0.34178,0.22207,0.2637,0.47605,0.089867,0.6625,0.40883,0.42868,0.23667,0.53858,0.18834,0.54326,0.16215,0.31467,0.27016,0.36363,0.26365,0.16342,0.2339,0.41463,0.41776,0.25391,0.43999,0.3706,0.10367,0.27199,0.33755,0.57089,0.42642,0.37149,0.10088,0.11466,0.29356,0.32907,0.37559,0.20453,0.29811,0.48846,0.12635,1,0.43772,0.49357,0.25287,0.58479,0.19691,0.56189,0.16254,0.34494,0.33715,0.37142,0.24666,0.14923,0.25952,0.42341,0.43508,0.21792,0.46576,0.40901,0.084336,0.26009,0.34464,0.59658,0.43416,0.40918,0.09381,0.13166,0.27769,0.35283
0.31195,0.18072,0.54409,0.31935,0.083445,0.43488,0.74694,0.42899,0.40927,0.40908,0.23101,0.40146,0.16583,0.49555,0.2831,0.27155,0.25208,0.2136,0.20118,0.37022,0.31012,0.3706,0.30062,0.63082,0.17616,0.49397,0.41964,0.46341,0.35569,0.4435,0.12801,0.094257,0.29762,0.26422,0.36816,0.2048,0.75592,0.34022,0.11555,0.43772,1,0.51068,0.45709,0.39403,0.36506,0.39639,0.25611,0.69812,0.29932,0.26683,0.34228,0.4628,0.36518,0.3792,0.31668,0.40955,0.30596,0.73061,0.20671,0.67402,0.62677,0.47973,0.37191,0.45318,0.22651,0.12307,0.28679,0.29705
0.30775,0.20468,0.31177,0.28979,0.090148,0.44535,0.42034,0.51553,0.1797,0.37177,0.20762,0.33353,0.093741,0.35319,0.18234,0.27892,0.27925,0.21036,0.25188,0.26282,0.32735,0.25691,0.38308,0.29635,0.065783,0.34752,0.31479,0.50511,0.34748,0.46351,0.074625,0.09977,0.24081,0.29428,0.35885,0.19826,0.42065,0.29812,0.11366,0.49357,0.51068,1,0.20357,0.3884,0.26087,0.33716,0.11265,0.45589,0.21427,0.2897,0.33931,0.27631,0.35267,0.26673,0.34125,0.25066,0.39444,0.34543,0.061191,0.39126,0.38747,0.52866,0.37213,0.4946,0.093518,0.12766,0.2323,0.32565
0.16865,0.15174,0.28166,0.25741,0.061954,0.25456,0.43111,0.17336,0.45641,0.2641,0.14903,0.30483,0.25323,0.30718,0.24862,0.21149,0.085776,0.095778,0.072308,0.29707,0.24733,0.3113,0.17016,0.56492,0.25108,0.22549,0.33883,0.21498,0.25744,0.16226,0.1467,0.085618,0.24341,0.18627,0.17741,0.15537,0.29828,0.27011,0.076954,0.25287,0.45709,0.20357,1,0.25402,0.17913,0.31548,0.28622,0.37279,0.25543,0.20631,0.05344,0.15656,0.10412,0.30258,0.24571,0.33308,0.18012,0.59293,0.24647,0.26861,0.38798,0.22163,0.24867,0.16261,0.16964,0.10378,0.23671,0.19696
0.33053,0.24903,0.25497,0.52011,0.067517,0.56873,0.3683,0.36373,0.25138,0.88022,0.20998,0.53967,0.13109,0.28394,0.18552,0.33254,0.2733,0.16007,0.25809,0.52032,0.39486,0.29883,0.41021,0.35281,0.12888,0.30535,0.33398,0.54554,0.39095,0.33347,0.088677,0.08076,0.31848,0.31787,0.33482,0.23348,0.27369,0.55771,0.074349,0.58479,0.39403,0.3884,0.25402,1,0.21423,0.55218,0.12269,0.30082,0.20475,0.34055,0.25824,0.15239,0.27569,0.54947,0.4146,0.27462,0.43843,0.37287,0.11362,0.30927,0.34368,0.58028,0.37979,0.37855,0.083153,0.077728,0.30617,0.34938
0.17543,0.18565,0.24304,0.16261,0.056013,0.20561,0.27586,0.2306,0.16503,0.2283,0.26726,0.20238,0.082586,0.22232,0.11316,0.16028,0.25624,0.18513,0.24087,0.22348,0.17464,0.24957,0.21317,0.22961,0.13928,0.30555,0.25596,0.21599,0.22468,0.30249,0.051216,0.04122,0.21841,0.25332,0.21658,0.20851,0.36074,0.17285,0.079218,0.19691,0.36506,0.26087,0.17913,0.21423,1,0.19588,0.18773,0.31807,0.1197,0.1635,0.33897,0.35315,0.39943,0.22239,0.17764,0.26645,0.2084,0.26474,0.15714,0.42052,0.38688,0.21512,0.23944,0.30972,0.12004,0.070364,0.2171,0.28751
0.31072,0.30532,0.234,0.7577,0.068033,0.5423,0.35963,0.3113,0.27146,0.52535,0.19503,0.80097,0.10764,0.23554,0.24172,0.40763,0.28751,0.088006,0.22404,0.71589,0.47087,0.33205,0.48044,0.44889,0.12093,0.32229,0.34376,0.62203,0.41474,0.4041,0.067922,0.067662,0.36329,0.39158,0.35893,0.28429,0.27434,0.77153,0.07119,0.56189,0.39639,0.33716,0.31548,0.55218,0.19588,1,0.11018,0.25535,0.29304,0.42208,0.27784,0.085919,0.25812,0.73436,0.47828,0.29983,0.49807,0.49464,0.10566,0.3105,0.37257,0.63515,0.40661,0.44182,0.059793,0.072812,0.34741,0.41462
0.1272,0.024141,0.18943,0.06884,0.049101,0.15713,0.27437,0.094145,0.29855,0.12727,0.10761,0.1213,0.34058,0.27341,0.18211,0.12001,0.0054933,0.13951,0.049092,0.097303,0.14609,0.12244,0.057408,0.32585,0.23884,0.037806,0.25898,0.025595,0.17984,-0.0057464,0.18058,0.11097,0.12268,0.063129,0.11006,0.024541,0.14786,0.074331,0.06682,0.16254,0.25611,0.11265,0.28622,0.12269,0.18773,0.11018,1,0.30705,0.1654,0.097987,-0.069769,0.16564,0.02095,0.097235,0.14977,0.10542,0.066662,0.3101,0.26436,0.05359,0.25325,0.031155,0.17476,-0.017001,0.21038,0.12848,0.12337,0.058499
0.41194,0.11541,0.45792,0.19213,0.079795,0.32718,0.59834,0.34675,0.36698,0.29904,0.21953,0.26015,0.25172,0.62736,0.22098,0.24154,0.25535,0.30656,0.28356,0.22117,0.29319,0.28893,0.2234,0.48993,0.19687,0.30119,0.44692,0.2209,0.40074,0.31765,0.23141,0.18199,0.2538,0.20673,0.44663,0.1188,0.52316,0.20502,0.11484,0.34494,0.69812,0.45589,0.37279,0.30082,0.31807,0.25535,0.30705,1,0.22,0.22491,0.22894,0.52189,0.364,0.22448,0.30589,0.28999,0.24534,0.53083,0.20863,0.42158,0.58485,0.24135,0.43533,0.30644,0.29501,0.21811,0.25206,0.23272
0.14415,0.11366,0.18657,0.21728,0.061099,0.30056,0.27536,0.19655,0.22,0.20518,0.11461,0.27816,0.15512,0.18625,0.24849,0.19584,0.099827,0.084298,0.083314,0.21713,0.21118,0.15409,0.19572,0.3188,0.11339,0.14758,0.22036,0.25088,0.22069,0.16191,0.069332,0.075209,0.176,0.16536,0.16009,0.10767,0.21205,0.22175,0.095979,0.33715,0.29932,0.21427,0.25543,0.20475,0.1197,0.29304,0.1654,0.22,1,0.19417,0.085152,0.090231,0.10399,0.21749,0.21738,0.1379,0.20248,0.34569,0.10604,0.15602,0.22856,0.25332,0.22671,0.16886,0.079415,0.08648,0.16491,0.17977
0.31689,0.30061,0.18981,0.41951,0.065122,0.3566,0.25592,0.26737,0.19216,0.33153,0.16738,0.41007,0.11224,0.22225,0.173,0.62912,0.29219,0.093167,0.21949,0.32131,0.62068,0.31999,0.62733,0.32835,0.092916,0.26955,0.38177,0.48466,0.45415,0.45831,0.068479,0.07225,0.36762,0.43937,0.35138,0.26249,0.20737,0.41407,0.073216,0.37142,0.26683,0.2897,0.20631,0.34055,0.1635,0.42208,0.097987,0.22491,0.19417,1,0.26774,0.065753,0.23528,0.31002,0.63895,0.30854,0.65737,0.3568,0.074398,0.23677,0.39231,0.51164,0.45365,0.50659,0.048873,0.087036,0.35235,0.46093
0.21811,0.33472,0.17107,0.26469,0.041246,0.25036,0.16663,0.27677,0.0071127,0.27471,0.23953,0.27401,-0.11275,0.099776,0.051952,0.23411,0.4555,0.088869,0.33526,0.28569,0.23947,0.29334,0.42227,0.11216,-0.0058907,0.41431,0.20933,0.40582,0.28515,0.54837,-0.060535,-0.0092316,0.26634,0.41066,0.3632,0.35141,0.42668,0.26615,0.053962,0.24666,0.34228,0.33931,0.05344,0.25824,0.33897,0.27784,-0.069769,0.22894,0.085152,0.26774,1,0.22495,0.62446,0.27846,0.24104,0.32557,0.43132,0.1981,0.025039,0.54449,0.43593,0.41355,0.31841,0.62141,-0.016984,0.0055346,0.26025,0.46561
0.21896,-0.0025876,0.37283,0.032196,0.052873,0.14594,0.38487,0.23679,0.15031,0.17286,0.19733,0.092067,0.10568,0.39834,0.086915,0.082889,0.20922,0.40576,0.28259,0.10313,0.10911,0.12887,0.081856,0.15537,0.048165,0.23402,0.25048,0.057737,0.17067,0.20092,0.13898,0.09282,0.13179,0.078126,0.19837,0.020281,0.44867,0.045922,0.07549,0.14923,0.4628,0.27631,0.15656,0.15239,0.35315,0.085919,0.16564,0.52189,0.090231,0.065753,0.22495,1,0.37537,0.10368,0.11826,0.1413,0.082704,0.1983,0.076731,0.38008,0.39272,0.059495,0.17755,0.1651,0.24899,0.11658,0.12958,0.10325
0.30198,0.28997,0.22406,0.22589,0.054718,0.26876,0.2347,0.2907,0.077085,0.29062,0.29927,0.26003,-0.016253,0.24027,0.088713,0.21689,0.47767,0.21657,0.45755,0.27644,0.22094,0.29648,0.34008,0.1677,0.051265,0.3721,0.28256,0.32109,0.32039,0.48499,0.027059,0.042316,0.2659,0.36857,0.42466,0.30586,0.40725,0.23096,0.064176,0.25952,0.36518,0.35267,0.10412,0.27569,0.39943,0.25812,0.02095,0.364,0.10399,0.23528,0.62446,0.37537,1,0.27111,0.22504,0.30872,0.34526,0.231,0.068185,0.47182,0.4782,0.32634,0.35058,0.50726,0.069477,0.05839,0.26444,0.40601
0.22208,0.30586,0.25341,0.67965,0.059925,0.42461,0.33566,0.26364,0.28328,0.53745,0.21818,0.71278,0.092499,0.20016,0.20157,0.2951,0.27415,0.090712,0.21984,0.84363,0.35217,0.34348,0.37957,0.43444,0.1528,0.34856,0.33258,0.50997,0.30675,0.3565,0.048188,0.042009,0.35167,0.35111,0.26301,0.30176,0.2994,0.72137,0.055318,0.42341,0.3792,0.26673,0.30258,0.54947,0.22239,0.73436,0.097235,0.22448,0.21749,0.31002,0.27846,0.10368,0.27111,1,0.35205,0.32822,0.38053,0.46575,0.14149,0.34582,0.37602,0.50602,0.29727,0.37574,0.048531,0.037322,0.34978,0.37107
0.41268,0.291,0.26904,0.47299,0.074392,0.40664,0.32804,0.31498,0.24523,0.39635,0.18501,0.46345,0.17831,0.30829,0.19491,0.62876,0.32203,0.15202,0.25994,0.36381,0.85263,0.31293,0.73281,0.36372,0.11487,0.28214,0.45814,0.50234,0.56433,0.47353,0.1152,0.10928,0.43785,0.48443,0.43625,0.24134,0.23797,0.47303,0.094058,0.43508,0.31668,0.34125,0.24571,0.4146,0.17764,0.47828,0.14977,0.30589,0.21738,0.63895,0.24104,0.11826,0.22504,0.35205,1,0.2614,0.8017,0.37568,0.083926,0.23117,0.42352,0.54388,0.57444,0.55769,0.086013,0.12317,0.42907,0.52447
0.14517,0.32633,0.18643,0.2906,0.056005,0.22415,0.30045,0.19988,0.28831,0.29152,0.209,0.30016,0.052258,0.19099,0.13721,0.26112,0.20437,0.0462,0.13313,0.32746,0.27525,0.46713,0.29595,0.4187,0.19752,0.37363,0.29916,0.32935,0.26439,0.385,0.020078,0.019912,0.30852,0.35381,0.22801,0.35651,0.32459,0.30149,0.063768,0.21792,0.40955,0.25066,0.33308,0.27462,0.26645,0.29983,0.10542,0.28999,0.1379,0.30854,0.32557,0.1413,0.30872,0.32822,0.2614,1,0.30232,0.46709,0.21917,0.46692,0.46531,0.33712,0.2694,0.42314,0.052738,0.036528,0.29873,0.37471
0.38175,0.37262,0.21866,0.49826,0.069463,0.44289,0.26389,0.35572,0.16115,0.42174,0.19741,0.48283,0.08444,0.23022,0.16637,0.62184,0.40015,0.10556,0.29007,0.39286,0.74809,0.33571,0.81699,0.29267,0.060631,0.33611,0.43587,0.61768,0.53652,0.5875,0.050726,0.076704,0.42392,0.53432,0.44351,0.32494,0.28583,0.49295,0.086027,0.46576,0.30596,0.39444,0.18012,0.43843,0.2084,0.49807,0.066662,0.24534,0.20248,0.65737,0.43132,0.082704,0.34526,0.38053,0.8017,0.30232,1,0.33232,0.040666,0.31855,0.46952,0.66098,0.55111,0.6943,0.029431,0.089165,0.41512,0.58337
0.26018,0.26374,0.39119,0.44213,0.078114,0.40965,0.62401,0.28251,0.53244,0.38479,0.20404,0.49348,0.24602,0.39916,0.33765,0.34933,0.17414,0.066787,0.11258,0.4599,0.38051,0.44432,0.32044,0.81482,0.28485,0.39445,0.45005,0.45103,0.38893,0.35222,0.1617,0.096045,0.35497,0.31736,0.32477,0.26805,0.50901,0.45813,0.097684,0.40901,0.73061,0.34543,0.59293,0.37287,0.26474,0.49464,0.3101,0.53083,0.34569,0.3568,0.1981,0.1983,0.231,0.46575,0.37568,0.46709,0.33232,1,0.29058,0.48891,0.58809,0.46335,0.38678,0.36439,0.20918,0.12378,0.34223,0.33573
0.046947,0.13236,0.09069,0.084513,0.03563,0.087799,0.16042,0.023173,0.24957,0.12093,0.12735,0.11421,0.19086,0.13753,0.12297,0.086145,0.0092259,0.011865,0.0027272,0.14004,0.087327,0.20109,0.029219,0.29091,0.30951,0.10377,0.21836,0.032429,0.12618,0.025196,0.084496,0.053513,0.14505,0.11336,0.072834,0.16887,0.12719,0.095137,0.045221,0.084336,0.20671,0.061191,0.24647,0.11362,0.15714,0.10566,0.26436,0.20863,0.10604,0.074398,0.025039,0.076731,0.068185,0.14149,0.083926,0.21917,0.040666,0.29058,1,0.17847,0.29372,0.037969,0.12555,0.045353,0.094237,0.070798,0.14515,0.12051
0.16928,0.2912,0.37734,0.28106,0.054026,0.26544,0.43032,0.30518,0.20788,0.34294,0.2467,0.31584,-0.049714,0.20871,0.13223,0.21662,0.29795,0.076849,0.17891,0.34604,0.23371,0.38787,0.3149,0.3834,0.11518,0.63213,0.31361,0.41769,0.25841,0.50051,-0.024518,-0.0090468,0.28859,0.33111,0.26781,0.34479,0.69181,0.2968,0.077862,0.26009,0.67402,0.39126,0.26861,0.30927,0.42052,0.3105,0.05359,0.42158,0.15602,0.23677,0.54449,0.38008,0.47182,0.34582,0.23117,0.46692,0.31855,0.48891,0.17847,1,0.61895,0.41863,0.28561,0.55196,0.096959,0.019441,0.28043,0.38261
0.32884,0.3516,0.42483,0.32403,0.076341,0.33945,0.49219,0.30003,0.36572,0.36008,0.29574,0.37835,0.18751,0.42915,0.22078,0.37733,0.384,0.19753,0.30526,0.38395,0.42648,0.43856,0.4545,0.53589,0.28188,0.48671,0.6168,0.38167,0.42628,0.48122,0.15663,0.10878,0.38654,0.40945,0.40267,0.38184,0.58311,0.32963,0.10133,0.34464,0.62677,0.38747,0.38798,0.34368,0.38688,0.37257,0.25325,0.58485,0.22856,0.39231,0.43593,0.39272,0.4782,0.37602,0.42352,0.46531,0.46952,0.58809,0.29372,0.61895,1,0.39423,0.42798,0.51241,0.20468,0.14442,0.37271,0.43605
0.29486,0.34682,0.2205,0.61709,0.075379,0.57996,0.37568,0.47984,0.17313,0.55223,0.19109,0.61174,0.01984,0.20144,0.20325,0.47107,0.31799,0.052599,0.21787,0.50123,0.52864,0.34499,0.62521,0.3856,0.039868,0.39839,0.32201,0.8886,0.41768,0.60665,0.0078698,0.041984,0.34801,0.44857,0.3582,0.32707,0.36979,0.62818,0.086206,0.59658,0.47973,0.52866,0.22163,0.58028,0.21512,0.63515,0.031155,0.24135,0.25332,0.51164,0.41355,0.059495,0.32634,0.50602,0.54388,0.33712,0.66098,0.46335,0.037969,0.41863,0.39423,1,0.41931,0.70472,0.014235,0.052973,0.32816,0.48802
0.51326,0.27462,0.27548,0.38212,0.078361,0.40961,0.33995,0.31478,0.241,0.36313,0.21285,0.39866,0.17751,0.35379,0.20371,0.4547,0.36451,0.16602,0.32018,0.30427,0.54758,0.30386,0.52059,0.36587,0.13806,0.28447,0.41537,0.39339,0.71273,0.42917,0.11433,0.12847,0.46819,0.43103,0.60194,0.24427,0.28446,0.38306,0.10078,0.43416,0.37191,0.37213,0.24867,0.37979,0.23944,0.40661,0.17476,0.43533,0.22671,0.45365,0.31841,0.17755,0.35058,0.29727,0.57444,0.2694,0.55111,0.38678,0.12555,0.28561,0.42798,0.41931,1,0.47557,0.10912,0.16049,0.48677,0.47987
0.30049,0.41857,0.21501,0.42762,0.069296,0.3985,0.29174,0.42114,0.1193,0.3787,0.24128,0.43469,-0.042145,0.2107,0.13373,0.46275,0.42707,0.083721,0.29365,0.38487,0.54645,0.4045,0.66647,0.28851,0.033117,0.47781,0.34178,0.66384,0.44645,0.7642,-0.020841,0.026416,0.40421,0.56633,0.43245,0.4037,0.43208,0.42746,0.082695,0.40918,0.45318,0.4946,0.16261,0.37855,0.30972,0.44182,-0.017001,0.30644,0.16886,0.50659,0.62141,0.1651,0.50726,0.37574,0.55769,0.42314,0.6943,0.36439,0.045353,0.55196,0.51241,0.70472,0.47557,1,-0.0042516,0.043579,0.39852,0.62034
0.12332,-0.021957,0.18497,0.02739,0.031296,0.094307,0.23183,0.077896,0.1773,0.086044,0.066759,0.062721,0.17446,0.2529,0.08901,0.060502,0.044448,0.12468,0.089269,0.049901,0.083867,0.061386,0.022205,0.21103,0.082109,0.047661,0.16453,0.010616,0.11233,0.020324,0.2122,0.079506,0.061364,0.014887,0.098919,-0.024977,0.15504,0.029694,0.037192,0.09381,0.22651,0.093518,0.16964,0.083153,0.12004,0.059793,0.21038,0.29501,0.079415,0.048873,-0.016984,0.24899,0.069477,0.048531,0.086013,0.052738,0.029431,0.20918,0.094237,0.096959,0.20468,0.014235,0.10912,-0.0042516,1,0.10126,0.06382,0.013476
0.13616,0.020195,0.093726,0.056602,0.036756,0.11745,0.12999,0.088693,0.10372,0.072455,0.050968,0.073133,0.12761,0.18663,0.083753,0.091137,0.055412,0.089543,0.079745,0.04236,0.11654,0.048217,0.077139,0.12497,0.071341,0.0078269,0.13825,0.045217,0.14671,0.047095,0.097427,0.10119,0.071903,0.061762,0.1256,0.013555,0.069834,0.055325,0.093343,0.13166,0.12307,0.12766,0.10378,0.077728,0.070364,0.072812,0.12848,0.21811,0.08648,0.087036,0.0055346,0.11658,0.05839,0.037322,0.12317,0.036528,0.089165,0.12378,0.070798,0.019441,0.14442,0.052973,0.16049,0.043579,0.10126,1,0.067931,0.066359
0.26123,0.27989,0.2224,0.31843,0.060857,0.27057,0.2624,0.21157,0.23113,0.30698,0.20194,0.34452,0.1161,0.22114,0.15515,0.35009,0.2702,0.11703,0.22108,0.35098,0.42142,0.31927,0.40624,0.33097,0.1548,0.28114,0.3456,0.31482,0.4447,0.35833,0.065703,0.064836,0.47458,0.38986,0.31523,0.26384,0.24108,0.32502,0.063443,0.27769,0.28679,0.2323,0.23671,0.30617,0.2171,0.34741,0.12337,0.25206,0.16491,0.35235,0.26025,0.12958,0.26444,0.34978,0.42907,0.29873,0.41512,0.34223,0.14515,0.28043,0.37271,0.32816,0.48677,0.39852,0.06382,0.067931,1,0.43568
0.27733,0.41004,0.16818,0.4013,0.06912,0.34186,0.22437,0.28038,0.17173,0.34774,0.23912,0.4086,0.050732,0.18165,0.15031,0.43313,0.36961,0.077964,0.27317,0.38214,0.50956,0.37943,0.56284,0.29897,0.12157,0.35526,0.34534,0.46782,0.44449,0.53757,0.019219,0.050672,0.41593,0.55634,0.37099,0.39069,0.26458,0.40021,0.082724,0.35283,0.29705,0.32565,0.19696,0.34938,0.28751,0.41462,0.058499,0.23272,0.17977,0.46093,0.46561,0.10325,0.40601,0.37107,0.52447,0.37471,0.58337,0.33573,0.12051,0.38261,0.43605,0.48802,0.47987,0.62034,0.013476,0.066359,0.43568,1
